goalnum;PR_GOALNUM;goalnum;model;real;TIME
15;1.9353386136749;6;15;6;10/01/2018
4;1.8511027995476;17;19;23;10/01/2018
9;1.8446395461417;0;28;23;10/01/2018
0;1.843978602359;1;28;24;10/01/2018
0;1.8402493344797;14;28;38;10/01/2018
5;1.8388371676385;0;33;38;10/01/2018
8;1.8224738500163;0;41;38;10/01/2018
1;1.8025500107705;18;42;56;10/01/2018
1;1.727515265448;1;43;57;10/01/2018
10;1.6950507701683;10;53;67;10/01/2018
6;1.6943223141442;0;59;67;10/01/2018
19;1.6631308313356;0;78;67;10/01/2018
8;1.6605925879717;0;86;67;11/01/2018
5;1.6480390051414;0;91;67;11/01/2018
2;1.638982072231;0;93;67;11/01/2018
7;1.6295740508811;9;100;76;11/01/2018
7;1.6262581101542;0;107;76;11/01/2018
8;1.6211977950796;0;115;76;11/01/2018
2;1.6064723974229;0;117;76;11/01/2018
8;1.5917518219283;15;125;91;11/01/2018
10;1.5883142344139;1;135;92;11/01/2018
4;1.5858617296253;0;139;92;11/01/2018
8;1.5804729218645;1;147;93;11/01/2018
3;1.575431318609;4;150;97;11/01/2018
5;1.5613258010119;12;155;109;11/01/2018
3;1.5284313058603;8;158;117;12/01/2018
0;1.528039242339;8;158;125;12/01/2018
14;1.5192815924493;0;172;125;12/01/2018
0;1.5190222848535;3;172;128;12/01/2018
6;1.517791169435;7;178;135;12/01/2018
4;1.510686118557;8;182;143;15/01/2018
0;1.5042451805207;10;182;153;15/01/2018
14;1.4775830445908;4;196;157;15/01/2018
7;1.4762287951649;17;203;174;15/01/2018
7;1.4726184166772;0;210;174;16/01/2018
2;1.4693678430215;5;212;179;16/01/2018
7;1.4653001761075;5;219;184;16/01/2018
7;1.4563293778926;1;226;185;16/01/2018
1;1.4494426149946;2;227;187;16/01/2018
5;1.4402254770646;4;232;191;16/01/2018
0;1.4387799629509;1;232;192;16/01/2018
3;1.4289838271254;7;235;199;16/01/2018
0;1.4277239984401;21;235;220;16/01/2018
0;1.4191415246275;7;235;227;16/01/2018
10;1.4190255924057;5;245;232;16/01/2018
2;1.4092513760154;1;247;233;16/01/2018
1;1.3995783747923;5;248;238;18/01/2018
0;1.3992504528603;2;248;240;18/01/2018
1;1.3947513488051;10;249;250;18/01/2018
12;1.3906159471057;0;261;250;18/01/2018
10;1.3890556583274;4;271;254;18/01/2018
2;1.3846830779841;0;273;254;18/01/2018
12;1.3821667487877;1;285;255;18/01/2018
2;1.3800848883873;3;287;258;18/01/2018
0;1.3797223887931;8;287;266;18/01/2018
5;1.3720998001843;4;292;270;18/01/2018
1;1.3662991026628;1;293;271;18/01/2018
6;1.3642994028698;5;299;276;18/01/2018
5;1.363709747769;7;304;283;19/01/2018
9;1.3608440434037;3;313;286;19/01/2018
2;1.3574339384183;0;315;286;19/01/2018
6;1.3566522017752;0;321;286;19/01/2018
4;1.3457181251422;11;325;297;19/01/2018
0;1.3408892717059;3;325;300;19/01/2018
0;1.3367746085779;0;325;300;19/01/2018
4;1.3360140776553;4;329;304;19/01/2018
1;1.333393950356;5;330;309;22/01/2018
6;1.3329854471508;1;336;310;22/01/2018
0;1.3292903506683;3;336;313;22/01/2018
5;1.3149052212017;2;341;315;22/01/2018
3;1.310715474957;5;344;320;22/01/2018
0;1.3085133803723;0;344;320;23/01/2018
0;1.3051601061017;0;344;320;23/01/2018
10;1.3032035795634;0;354;320;23/01/2018
1;1.3018310450188;2;355;322;23/01/2018
1;1.3003880656629;1;356;323;23/01/2018
2;1.2994179150194;0;358;323;23/01/2018
13;1.2989925991671;2;371;325;23/01/2018
3;1.2958671509782;0;374;325;23/01/2018
3;1.2935356541925;23;377;348;23/01/2018
5;1.2842652565256;5;382;353;23/01/2018
7;1.2828740256245;1;389;354;23/01/2018
4;1.2821323494428;2;393;356;23/01/2018
0;1.2740892636027;1;393;357;23/01/2018
4;1.2729027575823;3;397;360;23/01/2018
5;1.2721054616784;2;402;362;24/01/2018
3;1.2695366021083;19;405;381;25/01/2018
1;1.2676447694962;10;406;391;25/01/2018
1;1.2659307054105;1;407;392;25/01/2018
0;1.2562266753595;4;407;396;25/01/2018
3;1.2543965189662;3;410;399;25/01/2018
0;1.2465314270754;10;410;409;25/01/2018
3;1.2457399977986;0;413;409;25/01/2018
0;1.2419147980119;3;413;412;25/01/2018
2;1.2416984225868;3;415;415;25/01/2018
2;1.2400121695575;8;417;423;25/01/2018
23;1.23891170013;3;440;426;25/01/2018
4;1.2371883997639;7;444;433;25/01/2018
3;1.2336881120099;7;447;440;25/01/2018
7;1.2303136137234;7;454;447;26/01/2018
1;1.2265440333424;1;455;448;26/01/2018
1;1.2172666957076;0;456;448;26/01/2018
3;1.206810965109;0;459;448;26/01/2018
2;1.2060775696378;0;461;448;26/01/2018
4;1.2053424817651;0;465;448;26/01/2018
2;1.2044652480099;0;467;448;26/01/2018
3;1.2026344285101;1;470;449;26/01/2018
5;1.2019885832358;2;475;451;26/01/2018
9;1.197387037126;0;484;451;26/01/2018
7;1.1971106592715;0;491;451;26/01/2018
2;1.196683979164;1;493;452;26/01/2018
0;1.1952050818857;2;493;454;26/01/2018
2;1.1930583395842;0;495;454;26/01/2018
0;1.1927086998111;1;495;455;26/01/2018
5;1.1840903195626;0;500;455;26/01/2018
1;1.1825908772631;3;501;458;29/01/2018
11;1.1820297871793;14;512;472;30/01/2018
3;1.1818447784164;0;515;472;30/01/2018
0;1.1803505752966;1;515;473;30/01/2018
0;1.1794325413738;0;515;473;30/01/2018
3;1.1793976920009;0;518;473;30/01/2018
1;1.1793057486627;0;519;473;30/01/2018
4;1.1776535869666;0;523;473;30/01/2018
0;1.1747514308462;2;523;475;30/01/2018
0;1.1735647984698;0;523;475;30/01/2018
4;1.1706871661463;1;527;476;30/01/2018
5;1.1703811716641;1;532;477;30/01/2018
0;1.1678479389423;1;532;478;31/01/2018
1;1.1613959789182;2;533;480;31/01/2018
6;1.1519446188985;0;539;480;31/01/2018
4;1.1514931620567;4;543;484;31/01/2018
7;1.1461605834019;0;550;484;31/01/2018
0;1.1379125785522;0;550;484;31/01/2018
0;1.1363317607788;0;550;484;31/01/2018
1;1.1361720252003;0;551;484;31/01/2018
0;1.1246872280952;0;551;484;31/01/2018
0;1.1242472293375;0;551;484;31/01/2018
3;1.1209495208895;0;554;484;31/01/2018
2;1.1184910180387;0;556;484;31/01/2018
0;1.1177834453308;0;556;484;31/01/2018
1;1.1173702547349;1;557;485;31/01/2018
2;1.1168472424714;1;559;486;31/01/2018
2;1.1163224036769;0;561;486;31/01/2018
0;1.1150438112099;0;561;486;31/01/2018
1;1.1130728196512;0;562;486;31/01/2018
7;1.1123740080847;3;569;489;31/01/2018
5;1.1119056945344;0;574;489;31/01/2018
0;1.109490115567;0;574;489;31/01/2018
3;1.1091832763957;0;577;489;31/01/2018
0;1.1087753235582;1;577;490;31/01/2018
1;1.1086543974618;1;578;491;31/01/2018
0;1.1083273070821;4;578;495;01/02/2018
4;1.1072404666241;2;582;497;01/02/2018
1;1.1056642567263;2;583;499;01/02/2018
4;1.1023829254451;1;587;500;01/02/2018
8;1.1021399224409;0;595;500;01/02/2018
0;1.0963823097263;0;595;500;01/02/2018
6;1.0870668833107;0;601;500;01/02/2018
2;1.0864761395228;1;603;501;01/02/2018
0;1.0851935283924;0;603;501;01/02/2018
2;1.0851106618647;0;605;501;01/02/2018
0;1.0847482525667;1;605;502;01/02/2018
1;1.0839767917424;2;606;504;02/02/2018
3;1.0832847009688;24;609;528;05/02/2018
0;1.0785613867654;6;609;534;06/02/2018
2;1.0736353527238;0;611;534;06/02/2018
1;1.0718414126797;1;612;535;06/02/2018
3;1.0714040708384;4;615;539;06/02/2018
0;1.0651535963711;1;615;540;06/02/2018
0;1.0621599551508;0;615;540;06/02/2018
1;1.0588691966551;0;616;540;06/02/2018
3;1.057170326589;0;619;540;06/02/2018
0;1.0551950128278;0;619;540;06/02/2018
1;1.0546751907164;0;620;540;06/02/2018
1;1.0519678180228;1;621;541;06/02/2018
3;1.0485155384214;0;624;541;06/02/2018
4;1.0444749076213;1;628;542;06/02/2018
8;1.0404064320206;0;636;542;06/02/2018
0;1.0390648422933;0;636;542;06/02/2018
21;1.0381129383422;0;657;542;06/02/2018
0;1.0369595025347;0;657;542;06/02/2018
0;1.0361141787834;2;657;544;06/02/2018
1;1.0356881262791;0;658;544;06/02/2018
3;1.0356189113015;3;661;547;06/02/2018
1;1.0354215326929;10;662;557;08/02/2018
6;1.0353907946391;0;668;557;08/02/2018
0;1.030700072935;1;668;558;08/02/2018
1;1.026417872588;2;669;560;08/02/2018
0;1.0248115961351;0;669;560;08/02/2018
0;1.023317956366;1;669;561;08/02/2018
0;1.0194513993629;2;669;563;08/02/2018
1;1.0182164618021;1;670;564;08/02/2018
0;1.0165915215783;0;670;564;08/02/2018
0;1.0145816017483;1;670;565;08/02/2018
1;1.0124006277817;4;671;569;08/02/2018
2;1.012203183817;9;673;578;08/02/2018
0;1.0112018739072;0;673;578;08/02/2018
0;1.0111307716473;1;673;579;08/02/2018
6;1.0048973467739;0;679;579;08/02/2018
2;1.0016350829122;2;681;581;08/02/2018
2;1.0014613327058;0;683;581;09/02/2018
1;1.0011701920241;0;684;581;09/02/2018
0;0.99915055779594;0;684;581;09/02/2018
1;0.99868185664668;0;685;581;09/02/2018
4;0.99784202671318;2;689;583;09/02/2018
1;0.99508113334155;4;690;587;09/02/2018
0;0.99247008025366;1;690;588;09/02/2018
1;0.99229494166051;0;691;588;09/02/2018
0;0.99168125302582;1;691;589;09/02/2018
0;0.99039576696521;0;691;589;09/02/2018
0;0.98771199642999;0;691;589;09/02/2018
4;0.98680053367147;0;695;589;09/02/2018
0;0.98605521250186;0;695;589;09/02/2018
1;0.98395696581073;4;696;593;09/02/2018
24;0.98177433507352;0;720;593;09/02/2018
3;0.98128187384803;1;723;594;09/02/2018
0;0.97939098424011;0;723;594;09/02/2018
3;0.97912914603415;1;726;595;09/02/2018
2;0.97803907073138;2;728;597;09/02/2018
3;0.97718382189845;2;731;599;09/02/2018
0;0.97642883595728;0;731;599;09/02/2018
0;0.97526663642849;0;731;599;09/02/2018
3;0.97485340985629;0;734;599;09/02/2018
0;0.97330687539016;0;734;599;12/02/2018
1;0.97314301857166;0;735;599;12/02/2018
0;0.97101087630019;0;735;599;12/02/2018
1;0.97033188316673;0;736;599;12/02/2018
8;0.96722412249239;1;744;600;12/02/2018
7;0.96685718698782;1;751;601;12/02/2018
3;0.96632746030017;2;754;603;12/02/2018
0;0.96620527539714;0;754;603;12/02/2018
1;0.96540910767635;0;755;603;12/02/2018
2;0.96327675958277;0;757;603;12/02/2018
3;0.96291087505452;0;760;603;12/02/2018
0;0.96114672114161;0;760;603;12/02/2018
0;0.95957556995151;2;760;605;12/02/2018
1;0.95953823553577;1;761;606;12/02/2018
0;0.95926408968654;0;761;606;12/02/2018
3;0.95849105850679;3;764;609;12/02/2018
2;0.95710660460939;5;766;614;12/02/2018
2;0.95618852465713;0;768;614;12/02/2018
1;0.95286413906251;2;769;616;13/02/2018
1;0.9506283191241;1;770;617;13/02/2018
1;0.94966962298817;1;771;618;13/02/2018
1;0.94949858136284;1;772;619;13/02/2018
2;0.94877424025204;0;774;619;14/02/2018
7;0.94830869157217;1;781;620;14/02/2018
3;0.94576514765719;1;784;621;14/02/2018
1;0.94460466038403;0;785;621;14/02/2018
2;0.9442495519939;0;787;621;14/02/2018
1;0.94276248673722;0;788;621;14/02/2018
1;0.94132498194512;0;789;621;14/02/2018
0;0.94060578465478;1;789;622;14/02/2018
0;0.93803012958963;1;789;623;14/02/2018
0;0.93477417879401;2;789;625;14/02/2018
1;0.93290077680087;0;790;625;14/02/2018
1;0.93023237820976;1;791;626;14/02/2018
2;0.92897085950262;0;793;626;14/02/2018
0;0.92458248222297;0;793;626;14/02/2018
0;0.9243277691543;0;793;626;14/02/2018
0;0.92245883865311;1;793;627;14/02/2018
1;0.92214330867962;0;794;627;14/02/2018
0;0.92104723574606;0;794;627;14/02/2018
1;0.92071212073724;1;795;628;14/02/2018
5;0.92020582724958;1;800;629;14/02/2018
3;0.91910280849554;0;803;629;14/02/2018
0;0.91815689453861;1;803;630;14/02/2018
3;0.91683434871761;1;806;631;14/02/2018
1;0.91472126958901;0;807;631;14/02/2018
1;0.91071697828268;0;808;631;14/02/2018
2;0.90983342542262;1;810;632;14/02/2018
0;0.90939740533205;0;810;632;15/02/2018
6;0.90893615213339;2;816;634;15/02/2018
0;0.90441688756498;1;816;635;15/02/2018
1;0.90318675789176;1;817;636;15/02/2018
1;0.90153883356818;1;818;637;15/02/2018
4;0.90046961587971;0;822;637;15/02/2018
0;0.89896342137698;2;822;639;15/02/2018
0;0.89827177385721;6;822;645;15/02/2018
4;0.8969434710177;2;826;647;15/02/2018
0;0.89583266948074;0;826;647;15/02/2018
3;0.8931748971206;2;829;649;15/02/2018
0;0.88978095468898;0;829;649;15/02/2018
0;0.88924287476851;0;829;649;15/02/2018
12;0.88681252338765;1;841;650;15/02/2018
0;0.88653150839228;6;841;656;16/02/2018
0;0.88595379629919;1;841;657;16/02/2018
4;0.88347564174408;0;845;657;16/02/2018
2;0.88231273567476;0;847;657;16/02/2018
0;0.87994369542241;3;847;660;16/02/2018
0;0.87915117759482;1;847;661;16/02/2018
0;0.87912534287404;1;847;662;16/02/2018
1;0.87630324370171;0;848;662;16/02/2018
1;0.87570887698772;0;849;662;16/02/2018
0;0.87455846652329;1;849;663;16/02/2018
1;0.87280523747268;0;850;663;16/02/2018
0;0.87154341219404;0;850;663;16/02/2018
8;0.87029913632786;0;858;663;16/02/2018
0;0.86956271622782;0;858;663;16/02/2018
0;0.86905659100446;0;858;663;16/02/2018
0;0.86864590424013;0;858;663;16/02/2018
0;0.86460135633318;3;858;666;16/02/2018
2;0.86205692979509;0;860;666;16/02/2018
3;0.86006103020215;1;863;667;16/02/2018
0;0.85992254709261;5;863;672;16/02/2018
0;0.85749134328597;2;863;674;16/02/2018
0;0.85663900922704;0;863;674;16/02/2018
0;0.85595024252021;0;863;674;16/02/2018
2;0.85461468914622;1;865;675;16/02/2018
1;0.85379681839036;1;866;676;16/02/2018
1;0.85325303046227;0;867;676;19/02/2018
2;0.85293802727714;0;869;676;20/02/2018
2;0.85186884388116;3;871;679;20/02/2018
0;0.8484810476739;0;871;679;20/02/2018
0;0.84578606384134;2;871;681;20/02/2018
0;0.84559634151375;1;871;682;20/02/2018
0;0.84233367935169;6;871;688;20/02/2018
2;0.84190886103674;4;873;692;20/02/2018
1;0.84144333937324;0;874;692;20/02/2018
5;0.83880201275083;0;879;692;20/02/2018
0;0.83810930817697;2;879;694;20/02/2018
1;0.835042474229;0;880;694;20/02/2018
5;0.8338328576569;0;885;694;20/02/2018
1;0.83322595860436;1;886;695;20/02/2018
0;0.83204602605409;0;886;695;20/02/2018
0;0.83178853717426;0;886;695;20/02/2018
0;0.83099825794067;1;886;696;20/02/2018
4;0.82830401648521;1;890;697;20/02/2018
0;0.82796412752094;1;890;698;20/02/2018
1;0.82741962843814;1;891;699;20/02/2018
0;0.82583208690369;0;891;699;20/02/2018
0;0.82562993989248;0;891;699;20/02/2018
9;0.82465021301921;0;900;699;20/02/2018
0;0.82397545310849;0;900;699;20/02/2018
0;0.8234287239567;0;900;699;20/02/2018
0;0.82257820191966;0;900;699;21/02/2018
3;0.81965952691076;0;903;699;21/02/2018
0;0.8181486317848;0;903;699;21/02/2018
2;0.81671125831576;0;905;699;21/02/2018
0;0.8161831595261;0;905;699;21/02/2018
7;0.8112911713565;0;912;699;21/02/2018
2;0.81127048627394;0;914;699;21/02/2018
1;0.81100869783283;2;915;701;21/02/2018
2;0.80568839360292;1;917;702;21/02/2018
1;0.80536689385873;0;918;702;21/02/2018
6;0.8033919690675;0;924;702;21/02/2018
3;0.80126504313876;1;927;703;21/02/2018
1;0.80076433134035;0;928;703;21/02/2018
5;0.79986225543114;1;933;704;21/02/2018
0;0.79967992514136;0;933;704;21/02/2018
2;0.79833162370909;0;935;704;21/02/2018
0;0.79658357466995;0;935;704;21/02/2018
23;0.79627565097398;1;958;705;21/02/2018
0;0.7936032511669;1;958;706;21/02/2018
0;0.79268365917054;0;958;706;21/02/2018
2;0.79100574726042;1;960;707;21/02/2018
2;0.79068861636533;1;962;708;21/02/2018
0;0.7876009961397;1;962;709;21/02/2018
2;0.78686838364411;0;964;709;21/02/2018
0;0.78671220395676;1;964;710;21/02/2018
0;0.786361836399;1;964;711;21/02/2018
0;0.78499101602142;0;964;711;21/02/2018
0;0.78391956558291;0;964;711;21/02/2018
1;0.78127246125621;0;965;711;21/02/2018
0;0.78018128737887;0;965;711;26/02/2018
0;0.77949670599564;0;965;711;26/02/2018
0;0.77939258494618;0;965;711;26/02/2018
1;0.77881389994841;0;966;711;26/02/2018
0;0.77851597622365;0;966;711;26/02/2018
0;0.77522002479612;0;966;711;26/02/2018
14;0.77432716244082;0;980;711;26/02/2018
0;0.77339155999626;1;980;712;26/02/2018
0;0.77229306491325;1;980;713;26/02/2018
2;0.76951329439047;0;982;713;26/02/2018
4;0.76886468977461;1;986;714;26/02/2018
2;0.76761407391843;0;988;714;26/02/2018
3;0.76537838739391;1;991;715;26/02/2018
2;0.7649579304605;0;993;715;26/02/2018
0;0.76406253765291;0;993;715;26/02/2018
0;0.76371246141355;0;993;715;26/02/2018
0;0.76211761056461;0;993;715;26/02/2018
0;0.7612996067403;1;993;716;26/02/2018
2;0.76044998361315;0;995;716;26/02/2018
0;0.75810226024186;1;995;717;26/02/2018
1;0.75806596872978;0;996;717;26/02/2018
1;0.75729493492392;0;997;717;26/02/2018
0;0.75219430558484;0;997;717;26/02/2018
0;0.7517642975635;1;997;718;26/02/2018
0;0.75064236992974;0;997;718;26/02/2018
0;0.74915398557902;1;997;719;26/02/2018
0;0.7482671150924;3;997;722;27/02/2018
1;0.74689858452661;0;998;722;27/02/2018
1;0.74494256097438;0;999;722;27/02/2018
0;0.74408583950583;0;999;722;27/02/2018
0;0.74376492486771;0;999;722;27/02/2018
0;0.74266877316637;0;999;722;27/02/2018
0;0.74234664343631;0;999;722;27/02/2018
5;0.74220434025274;0;1004;722;27/02/2018
0;0.74216536793061;2;1004;724;27/02/2018
0;0.74086189967238;0;1004;724;27/02/2018
1;0.73856864793276;1;1005;725;27/02/2018
0;0.73719028507813;0;1005;725;27/02/2018
0;0.7366897249918;2;1005;727;27/02/2018
1;0.73203382907233;2;1006;729;27/02/2018
0;0.73191589054419;3;1006;732;27/02/2018
0;0.73173220304046;0;1006;732;27/02/2018
6;0.72877211572641;0;1012;732;27/02/2018
1;0.72655438526414;2;1013;734;27/02/2018
1;0.72470901075699;0;1014;734;27/02/2018
2;0.72212512473643;0;1016;734;27/02/2018
0;0.72043594006407;0;1016;734;27/02/2018
0;0.71984513469157;1;1016;735;27/02/2018
1;0.71914947129633;1;1017;736;27/02/2018
1;0.71657672845032;0;1018;736;27/02/2018
0;0.71640006907001;0;1018;736;28/02/2018
1;0.71533344565047;1;1019;737;28/02/2018
1;0.71385461284674;0;1020;737;28/02/2018
0;0.7111587433302;3;1020;740;28/02/2018
4;0.7105425332548;6;1024;746;28/02/2018
1;0.70829358936826;1;1025;747;28/02/2018
0;0.70754614051558;1;1025;748;28/02/2018
0;0.70711975333089;2;1025;750;28/02/2018
1;0.7054241865229;1;1026;751;28/02/2018
1;0.70489970846668;1;1027;752;28/02/2018
0;0.7048112300943;1;1027;753;28/02/2018
1;0.70435615488211;0;1028;753;28/02/2018
0;0.70411925291463;0;1028;753;28/02/2018
1;0.70288244295222;0;1029;753;28/02/2018
1;0.70282178536113;0;1030;753;28/02/2018
0;0.70198465359488;0;1030;753;28/02/2018
0;0.70149849448449;0;1030;753;28/02/2018
0;0.69856764924438;4;1030;757;28/02/2018
0;0.69756711619211;0;1030;757;28/02/2018
1;0.69668389720825;0;1031;757;01/03/2018
0;0.69363650673883;0;1031;757;01/03/2018
1;0.69137138684552;0;1032;757;01/03/2018
0;0.69071761981994;2;1032;759;01/03/2018
1;0.68996381434748;1;1033;760;02/03/2018
2;0.68971238068447;0;1035;760;02/03/2018
3;0.68944901009456;1;1038;761;02/03/2018
0;0.68700222510063;1;1038;762;02/03/2018
1;0.68494517887512;0;1039;762;02/03/2018
0;0.68459034055076;0;1039;762;02/03/2018
1;0.68095796978727;0;1040;762;02/03/2018
0;0.67966809810608;2;1040;764;02/03/2018
9;0.67850633661979;0;1049;764;02/03/2018
0;0.67843602189089;10;1049;774;02/03/2018
2;0.67735807556369;1;1051;775;02/03/2018
9;0.67656329806291;0;1060;775;02/03/2018
1;0.67536063161186;0;1061;775;02/03/2018
0;0.6716824776536;1;1061;776;02/03/2018
0;0.67076908625729;0;1061;776;05/03/2018
0;0.66723023604203;0;1061;776;05/03/2018
1;0.66702605159108;0;1062;776;05/03/2018
1;0.6656529068819;1;1063;777;05/03/2018
1;0.66204751354919;1;1064;778;05/03/2018
0;0.6601722272832;6;1064;784;05/03/2018
1;0.65683317421279;0;1065;784;05/03/2018
1;0.65372198643784;0;1066;784;05/03/2018
1;0.65254382796173;0;1067;784;05/03/2018
0;0.65140045780412;0;1067;784;05/03/2018
3;0.64955763928736;0;1070;784;05/03/2018
0;0.64925165046434;1;1070;785;05/03/2018
0;0.64904444385073;1;1070;786;05/03/2018
0;0.64671699955471;0;1070;786;05/03/2018
1;0.64577148146998;0;1071;786;05/03/2018
0;0.64417820093741;0;1071;786;05/03/2018
0;0.64408266133975;0;1071;786;05/03/2018
0;0.63957496219299;0;1071;786;05/03/2018
0;0.63910574051518;3;1071;789;05/03/2018
0;0.63697597079719;1;1071;790;05/03/2018
0;0.63279769710113;0;1071;790;05/03/2018
2;0.63125981757713;1;1073;791;05/03/2018
0;0.63031186766506;0;1073;791;05/03/2018
1;0.63005735206724;0;1074;791;05/03/2018
8;0.62987444600833;1;1082;792;05/03/2018
1;0.6290675462043;0;1083;792;05/03/2018
0;0.62777098081939;0;1083;792;05/03/2018
0;0.62743380348463;1;1083;793;05/03/2018
0;0.62549772315644;1;1083;794;05/03/2018
1;0.62430507001764;1;1084;795;05/03/2018
0;0.62430130355887;1;1084;796;06/03/2018
0;0.62177821159347;5;1084;801;06/03/2018
1;0.6217647856704;0;1085;801;06/03/2018
1;0.62106073723694;0;1086;801;06/03/2018
0;0.62028420638649;3;1086;804;06/03/2018
16;0.61674843361384;2;1102;806;06/03/2018
2;0.60932033077955;0;1104;806;06/03/2018
0;0.60849827911182;3;1104;809;06/03/2018
1;0.60784679943827;3;1105;812;06/03/2018
0;0.60770774011607;2;1105;814;06/03/2018
1;0.60752425336662;0;1106;814;06/03/2018
0;0.60735486275428;0;1106;814;06/03/2018
0;0.60621650050773;0;1106;814;06/03/2018
0;0.60456426090349;1;1106;815;06/03/2018
1;0.60389228200354;1;1107;816;06/03/2018
0;0.60052099104185;1;1107;817;06/03/2018
15;0.60044067192888;0;1122;817;06/03/2018
17;0.59912311016234;0;1139;817;06/03/2018
4;0.59878924150151;0;1143;817;06/03/2018
0;0.59766011690135;0;1143;817;06/03/2018
1;0.59744516581333;0;1144;817;06/03/2018
3;0.59692171841196;0;1147;817;06/03/2018
0;0.59682727751564;0;1147;817;06/03/2018
1;0.59676330796001;0;1148;817;06/03/2018
5;0.59609764445767;0;1153;817;06/03/2018
1;0.59567430866485;0;1154;817;06/03/2018
2;0.59173885341492;1;1156;818;06/03/2018
0;0.59157337941558;0;1156;818;06/03/2018
0;0.58831192696882;0;1156;818;06/03/2018
2;0.58772065506231;1;1158;819;06/03/2018
0;0.5871681542423;1;1158;820;06/03/2018
0;0.58695840945202;0;1158;820;06/03/2018
8;0.5818949383698;1;1166;821;07/03/2018
1;0.58166360326326;0;1167;821;07/03/2018
1;0.58114782911813;1;1168;822;12/03/2018
0;0.58047896962248;0;1168;822;12/03/2018
0;0.57988944560344;0;1168;822;12/03/2018
0;0.57695646732337;0;1168;822;12/03/2018
0;0.57644630678869;2;1168;824;12/03/2018
0;0.57639011093092;1;1168;825;12/03/2018
0;0.57576698944645;0;1168;825;12/03/2018
2;0.57469208526578;1;1170;826;12/03/2018
0;0.57396251935564;0;1170;826;12/03/2018
0;0.57254672119382;0;1170;826;12/03/2018
0;0.57175918751908;1;1170;827;12/03/2018
2;0.57023432249783;0;1172;827;12/03/2018
0;0.56980916228539;1;1172;828;12/03/2018
1;0.56765218635872;1;1173;829;12/03/2018
1;0.56672622328875;1;1174;830;13/03/2018
10;0.56617287289683;0;1184;830;13/03/2018
0;0.56454020496532;1;1184;831;13/03/2018
0;0.55927062756803;0;1184;831;13/03/2018
0;0.55902782770058;1;1184;832;13/03/2018
5;0.55787738329338;3;1189;835;13/03/2018
2;0.55559756327123;0;1191;835;13/03/2018
0;0.55471385737126;0;1191;835;13/03/2018
0;0.55459122137873;1;1191;836;13/03/2018
0;0.55242347286748;1;1191;837;13/03/2018
2;0.54658280886971;4;1193;841;13/03/2018
1;0.54388450897538;2;1194;843;13/03/2018
0;0.54323877261797;0;1194;843;13/03/2018
0;0.53540820800443;2;1194;845;13/03/2018
1;0.53528177010955;0;1195;845;13/03/2018
0;0.53439495400419;9;1195;854;13/03/2018
1;0.53315522852829;0;1196;854;13/03/2018
1;0.53058250673195;7;1197;861;13/03/2018
0;0.52991954112415;0;1197;861;13/03/2018
1;0.52935944563148;0;1198;861;13/03/2018
0;0.52723599636034;0;1198;861;13/03/2018
0;0.52679837181418;5;1198;866;13/03/2018
1;0.52647239895284;1;1199;867;13/03/2018
0;0.52418658953861;1;1199;868;13/03/2018
2;0.52395819126866;0;1201;868;13/03/2018
1;0.52262687539533;3;1202;871;13/03/2018
0;0.52039295304685;4;1202;875;13/03/2018
0;0.51660710339025;0;1202;875;13/03/2018
0;0.51431932926246;1;1202;876;13/03/2018
1;0.5141149212614;0;1203;876;14/03/2018
0;0.51202115242395;0;1203;876;14/03/2018
7;0.50876683734879;0;1210;876;14/03/2018
1;0.50848196362084;1;1211;877;14/03/2018
0;0.50740948165678;0;1211;877;14/03/2018
1;0.50669377065304;0;1212;877;14/03/2018
0;0.50640220270566;1;1212;878;14/03/2018
0;0.50583074621354;0;1212;878;14/03/2018
0;0.50114201919244;1;1212;879;14/03/2018
7;0.50110658900111;1;1219;880;14/03/2018
0;0.50041841194626;1;1219;881;14/03/2018
0;0.49954015762077;0;1219;881;14/03/2018
3;0.49699405811377;1;1222;882;14/03/2018
0;0.49359055314586;2;1222;884;14/03/2018
1;0.49353551931556;0;1223;884;14/03/2018
0;0.49305543541619;2;1223;886;14/03/2018
3;0.4924465462044;0;1226;886;14/03/2018
0;0.49087556060396;1;1226;887;14/03/2018
6;0.48963806935237;0;1232;887;14/03/2018
2;0.48846345877856;0;1234;887;14/03/2018
0;0.48617028139134;1;1234;888;14/03/2018
0;0.48514562135801;12;1234;900;14/03/2018
0;0.47441641973501;3;1234;903;15/03/2018
0;0.47006512924904;0;1234;903;15/03/2018
0;0.46735839457179;0;1234;903;15/03/2018
1;0.46538980873542;0;1235;903;15/03/2018
0;0.46506739292127;0;1235;903;15/03/2018
0;0.46454154764448;1;1235;904;15/03/2018
0;0.46439863591339;0;1235;904;15/03/2018
0;0.46280959793924;2;1235;906;15/03/2018
0;0.45791157756836;0;1235;906;15/03/2018
0;0.45677964257545;0;1235;906;15/03/2018
0;0.45661849659774;0;1235;906;15/03/2018
1;0.45577297059525;8;1236;914;15/03/2018
0;0.45256698941715;6;1236;920;15/03/2018
0;0.44721140542445;1;1236;921;15/03/2018
0;0.4445953728226;0;1236;921;15/03/2018
0;0.44439309111565;1;1236;922;15/03/2018
0;0.44276304585267;0;1236;922;15/03/2018
4;0.44109555613574;0;1240;922;15/03/2018
14;0.44104676830363;0;1254;922;15/03/2018
0;0.44003670073073;1;1254;923;15/03/2018
1;0.43597440696565;0;1255;923;15/03/2018
1;0.4350557828997;0;1256;923;15/03/2018
0;0.43095501660734;0;1256;923;15/03/2018
2;0.43068376229515;0;1258;923;15/03/2018
0;0.43010261674328;0;1258;923;16/03/2018
0;0.42554095389604;2;1258;925;16/03/2018
0;0.42499945163464;1;1258;926;16/03/2018
0;0.4242695655711;8;1258;934;16/03/2018
6;0.42364256010686;1;1264;935;16/03/2018
0;0.42275548515914;7;1264;942;16/03/2018
0;0.42121120544649;2;1264;944;19/03/2018
1;0.41771408999024;1;1265;945;19/03/2018
1;0.41664815705503;0;1266;945;19/03/2018
0;0.41570916979534;0;1266;945;19/03/2018
0;0.41511622678589;0;1266;945;19/03/2018
2;0.41348892164315;1;1268;946;19/03/2018
1;0.41132031552283;0;1269;946;19/03/2018
1;0.41109017780189;1;1270;947;19/03/2018
1;0.40978927155603;0;1271;947;19/03/2018
0;0.40907194697986;2;1271;949;19/03/2018
1;0.40719972929686;7;1272;956;19/03/2018
0;0.40512980516401;3;1272;959;19/03/2018
3;0.40322922011453;0;1275;959;19/03/2018
0;0.40160394618862;0;1275;959;19/03/2018
12;0.39975834421495;4;1287;963;19/03/2018
5;0.39832015147383;0;1292;963;19/03/2018
1;0.39763594987756;1;1293;964;19/03/2018
1;0.39670215491755;6;1294;970;19/03/2018
0;0.39468105727964;2;1294;972;19/03/2018
6;0.39303182522494;1;1300;973;19/03/2018
0;0.39021628654236;2;1300;975;19/03/2018
0;0.3895329985499;1;1300;976;19/03/2018
0;0.38940592237622;0;1300;976;20/03/2018
6;0.38655008667626;1;1306;977;20/03/2018
0;0.38454143839135;0;1306;977;20/03/2018
1;0.38441630475273;1;1307;978;20/03/2018
0;0.38406786497275;0;1307;978;20/03/2018
0;0.38380278737339;1;1307;979;20/03/2018
0;0.37906051246311;1;1307;980;20/03/2018
1;0.37669448937625;0;1308;980;20/03/2018
0;0.37235315737218;12;1308;992;20/03/2018
6;0.37195096564385;0;1314;992;20/03/2018
0;0.36710778372697;2;1314;994;20/03/2018
1;0.36690572820453;0;1315;994;20/03/2018
0;0.36678953379348;0;1315;994;20/03/2018
3;0.36505314981284;2;1318;996;20/03/2018
1;0.36088007600578;1;1319;997;20/03/2018
2;0.35677156555755;0;1321;997;20/03/2018
0;0.35517948553383;0;1321;997;20/03/2018
0;0.35441115783742;2;1321;999;20/03/2018
0;0.35428792842507;0;1321;999;20/03/2018
1;0.35141448688571;0;1322;999;20/03/2018
0;0.34936079242348;0;1322;999;20/03/2018
1;0.34888907410191;0;1323;999;20/03/2018
0;0.3482304908189;0;1323;999;20/03/2018
0;0.34729477182676;0;1323;999;21/03/2018
0;0.34710219603153;1;1323;1000;21/03/2018
1;0.34505354292291;4;1324;1004;21/03/2018
0;0.34077144086491;3;1324;1007;21/03/2018
1;0.34039567551392;0;1325;1007;21/03/2018
2;0.34019178526384;0;1327;1007;21/03/2018
1;0.33959181208117;3;1328;1010;21/03/2018
0;0.33799455640936;0;1328;1010;21/03/2018
0;0.33650766293799;1;1328;1011;21/03/2018
0;0.33372570675768;0;1328;1011;21/03/2018
0;0.33363611611867;0;1328;1011;23/03/2018
1;0.33315601795702;1;1329;1012;23/03/2018
0;0.3320814135083;0;1329;1012;23/03/2018
0;0.33109870481482;0;1329;1012;23/03/2018
1;0.33109018737751;0;1330;1012;23/03/2018
0;0.32954839152684;0;1330;1012;23/03/2018
0;0.32948707465811;0;1330;1012;23/03/2018
0;0.32943176882804;0;1330;1012;23/03/2018
0;0.32721743821311;1;1330;1013;26/03/2018
1;0.32686570261637;0;1331;1013;26/03/2018
0;0.3260056485862;0;1331;1013;26/03/2018
1;0.32448530981703;0;1332;1013;26/03/2018
0;0.32376558897048;0;1332;1013;26/03/2018
0;0.32309725003635;1;1332;1014;26/03/2018
1;0.32214318667061;0;1333;1014;26/03/2018
2;0.32181972211568;0;1335;1014;26/03/2018
1;0.31371315706515;4;1336;1018;26/03/2018
1;0.30953961458754;0;1337;1018;26/03/2018
0;0.30870268352145;1;1337;1019;26/03/2018
0;0.30859165279844;1;1337;1020;26/03/2018
3;0.30845927513702;0;1340;1020;26/03/2018
0;0.30751605326432;0;1340;1020;26/03/2018
4;0.30693363104075;1;1344;1021;26/03/2018
0;0.30672415463273;1;1344;1022;26/03/2018
0;0.30388984635505;1;1344;1023;26/03/2018
1;0.30339495949676;0;1345;1023;26/03/2018
1;0.30161850991471;1;1346;1024;26/03/2018
0;0.29927672752728;4;1346;1028;27/03/2018
0;0.29883363816801;0;1346;1028;27/03/2018
1;0.29852754515271;0;1347;1028;27/03/2018
0;0.2955135205422;0;1347;1028;27/03/2018
2;0.29378776011708;0;1349;1028;27/03/2018
0;0.29006327937634;0;1349;1028;27/03/2018
1;0.28925394225232;0;1350;1028;27/03/2018
0;0.28630580795764;1;1350;1029;27/03/2018
1;0.28619950055526;1;1351;1030;27/03/2018
0;0.28617487684858;0;1351;1030;27/03/2018
10;0.28230026317749;0;1361;1030;27/03/2018
0;0.27872301361061;0;1361;1030;27/03/2018
2;0.27841220587325;0;1363;1030;27/03/2018
0;0.2773891370117;7;1363;1037;27/03/2018
0;0.27719450832207;0;1363;1037;28/03/2018
0;0.27718706810465;1;1363;1038;28/03/2018
1;0.27670615310097;0;1364;1038;28/03/2018
5;0.27636569233474;1;1369;1039;28/03/2018
0;0.27381546462984;1;1369;1040;28/03/2018
2;0.27360357383171;0;1371;1040;28/03/2018
1;0.27319300357859;0;1372;1040;28/03/2018
0;0.2729868235087;0;1372;1040;28/03/2018
4;0.2722850751342;0;1376;1040;28/03/2018
17;0.27136942811279;1;1393;1041;28/03/2018
0;0.27088606997639;2;1393;1043;28/03/2018
0;0.27062040520949;0;1393;1043;28/03/2018
2;0.26974505421554;1;1395;1044;28/03/2018
0;0.26926756180652;2;1395;1046;28/03/2018
6;0.26896629524863;0;1401;1046;28/03/2018
0;0.26705051052563;3;1401;1049;28/03/2018
0;0.26649750519018;0;1401;1049;29/03/2018
7;0.2663990274952;0;1408;1049;29/03/2018
1;0.26630218395412;0;1409;1049;29/03/2018
0;0.26603566016242;0;1409;1049;29/03/2018
1;0.26568396439159;0;1410;1049;29/03/2018
0;0.26544183988501;0;1410;1049;29/03/2018
7;0.26388883931237;1;1417;1050;29/03/2018
1;0.26037048128413;2;1418;1052;29/03/2018
3;0.25963557214376;2;1421;1054;29/03/2018
0;0.25928444676271;0;1421;1054;29/03/2018
1;0.25731997162355;2;1422;1056;29/03/2018
0;0.25551763202557;1;1422;1057;29/03/2018
0;0.25529284178867;0;1422;1057;29/03/2018
1;0.25524232859477;0;1423;1057;29/03/2018
0;0.25360295408397;0;1423;1057;29/03/2018
9;0.25351660019437;1;1432;1058;29/03/2018
1;0.25274196941834;1;1433;1059;29/03/2018
0;0.25269301460435;0;1433;1059;29/03/2018
1;0.2522774644751;1;1434;1060;29/03/2018
4;0.25185592661437;0;1438;1060;29/03/2018
0;0.25101699562822;1;1438;1061;29/03/2018
0;0.25081401755024;1;1438;1062;29/03/2018
0;0.25078117850946;0;1438;1062;29/03/2018
0;0.25070719622779;0;1438;1062;02/04/2018
1;0.24985542437623;0;1439;1062;02/04/2018
4;0.24981846101294;0;1443;1062;02/04/2018
1;0.24957730386447;1;1444;1063;02/04/2018
0;0.24927096883124;0;1444;1063;02/04/2018
0;0.24811607510855;0;1444;1063;02/04/2018
1;0.24709993744674;0;1445;1063;02/04/2018
2;0.24702935701639;0;1447;1063;02/04/2018
0;0.24597365668944;1;1447;1064;02/04/2018
1;0.24594410097105;7;1448;1071;02/04/2018
2;0.24585167418894;0;1450;1071;02/04/2018
0;0.24441691869612;0;1450;1071;02/04/2018
4;0.24436158163653;4;1454;1075;02/04/2018
1;0.24181785937941;1;1455;1076;03/04/2018
1;0.24062441794134;1;1456;1077;03/04/2018
0;0.24043258928412;0;1456;1077;03/04/2018
0;0.23947019237471;1;1456;1078;03/04/2018
4;0.2393983071186;0;1460;1078;03/04/2018
0;0.23929878373883;0;1460;1078;03/04/2018
0;0.23863400325061;0;1460;1078;03/04/2018
0;0.23773600380512;1;1460;1079;03/04/2018
1;0.23549108304036;0;1461;1079;03/04/2018
0;0.23474281996052;1;1461;1080;03/04/2018
0;0.23466143924217;1;1461;1081;03/04/2018
0;0.23439231672406;0;1461;1081;03/04/2018
0;0.23376121017267;0;1461;1081;03/04/2018
1;0.23187602945399;1;1462;1082;03/04/2018
2;0.23057535386398;0;1464;1082;03/04/2018
0;0.23014032706144;1;1464;1083;03/04/2018
1;0.22983576690908;2;1465;1085;04/04/2018
7;0.22886500625405;0;1472;1085;04/04/2018
1;0.2273881070669;0;1473;1085;04/04/2018
0;0.22679839313937;0;1473;1085;04/04/2018
1;0.22420757150591;0;1474;1085;05/04/2018
1;0.22356688159946;4;1475;1089;05/04/2018
1;0.22318726671656;1;1476;1090;05/04/2018
4;0.222645752409;1;1480;1091;05/04/2018
1;0.22151087746979;1;1481;1092;05/04/2018
0;0.22148107697312;1;1481;1093;05/04/2018
1;0.21921335454905;0;1482;1093;06/04/2018
1;0.21791484857085;0;1483;1093;06/04/2018
3;0.21788418682589;1;1486;1094;06/04/2018
0;0.21701484742817;0;1486;1094;06/04/2018
0;0.21553221072052;1;1486;1095;06/04/2018
1;0.21504298934046;0;1487;1095;06/04/2018
1;0.21445733864693;0;1488;1095;06/04/2018
0;0.21444663258076;3;1488;1098;06/04/2018
1;0.21443779086228;10;1489;1108;06/04/2018
0;0.21381572188577;2;1489;1110;06/04/2018
0;0.21342270123316;8;1489;1118;06/04/2018
2;0.21319968384815;6;1491;1124;06/04/2018
1;0.21290416744738;4;1492;1128;06/04/2018
0;0.21252297421283;0;1492;1128;06/04/2018
5;0.21196236750032;0;1497;1128;09/04/2018
1;0.21140361128973;0;1498;1128;09/04/2018
0;0.21010084600349;0;1498;1128;09/04/2018
3;0.20780788494823;0;1501;1128;09/04/2018
1;0.20778760368192;4;1502;1132;09/04/2018
0;0.2072565436588;0;1502;1132;09/04/2018
1;0.20656976574008;5;1503;1137;09/04/2018
0;0.20615178240528;0;1503;1137;09/04/2018
0;0.20561100448451;1;1503;1138;09/04/2018
1;0.20350974454396;1;1504;1139;10/04/2018
0;0.20274674073651;0;1504;1139;10/04/2018
1;0.20109947564507;6;1505;1145;10/04/2018
0;0.2008392484831;1;1505;1146;10/04/2018
1;0.19728230501534;2;1506;1148;10/04/2018
0;0.19683646606562;1;1506;1149;10/04/2018
0;0.196079627068;0;1506;1149;10/04/2018
4;0.19589491541122;1;1510;1150;10/04/2018
1;0.19536183669757;1;1511;1151;10/04/2018
6;0.19385319088682;1;1517;1152;10/04/2018
0;0.19338856760743;4;1517;1156;10/04/2018
0;0.19260540788299;0;1517;1156;10/04/2018
1;0.19222055811959;0;1518;1156;10/04/2018
0;0.19219433285778;0;1518;1156;10/04/2018
0;0.19040388990616;0;1518;1156;11/04/2018
4;0.18964602181193;1;1522;1157;11/04/2018
0;0.18926074228835;0;1522;1157;11/04/2018
0;0.18798886943301;1;1522;1158;11/04/2018
0;0.18701176624792;0;1522;1158;11/04/2018
1;0.18690615268718;0;1523;1158;11/04/2018
0;0.18461802768667;2;1523;1160;11/04/2018
2;0.1846020284113;0;1525;1160;11/04/2018
0;0.18419463663614;0;1525;1160;11/04/2018
3;0.1836140312837;0;1528;1160;11/04/2018
0;0.18306312876476;0;1528;1160;11/04/2018
0;0.18299725628744;1;1528;1161;11/04/2018
0;0.18234623783968;0;1528;1161;11/04/2018
0;0.18159430859129;3;1528;1164;11/04/2018
0;0.18104466221586;0;1528;1164;11/04/2018
0;0.18103326731295;0;1528;1164;12/04/2018
1;0.17960600812594;0;1529;1164;12/04/2018
2;0.1783798485022;0;1531;1164;12/04/2018
0;0.17830074974593;1;1531;1165;12/04/2018
0;0.17814881653974;0;1531;1165;12/04/2018
1;0.17719507433811;0;1532;1165;12/04/2018
1;0.17693957668256;0;1533;1165;12/04/2018
2;0.17638310142863;0;1535;1165;12/04/2018
1;0.17621092548891;1;1536;1166;12/04/2018
0;0.17308629928274;0;1536;1166;12/04/2018
0;0.17103596016342;0;1536;1166;12/04/2018
1;0.17077534748587;0;1537;1166;12/04/2018
2;0.16981732993105;1;1539;1167;12/04/2018
0;0.16857242972239;0;1539;1167;12/04/2018
4;0.1682006504031;1;1543;1168;12/04/2018
0;0.16725347397761;0;1543;1168;12/04/2018
1;0.16634904561113;0;1544;1168;12/04/2018
0;0.16585965579775;0;1544;1168;12/04/2018
2;0.16521529846042;0;1546;1168;12/04/2018
0;0.16465758656253;1;1546;1169;12/04/2018
0;0.16412361459028;5;1546;1174;13/04/2018
0;0.16331463788439;8;1546;1182;13/04/2018
0;0.16296417231867;0;1546;1182;13/04/2018
1;0.16265760215524;0;1547;1182;16/04/2018
0;0.1611185936524;3;1547;1185;16/04/2018
0;0.1610580802866;0;1547;1185;16/04/2018
0;0.16064707202041;1;1547;1186;17/04/2018
0;0.16049411226976;0;1547;1186;17/04/2018
0;0.16049388198598;3;1547;1189;17/04/2018
2;0.16002322916803;0;1549;1189;17/04/2018
0;0.15917528688068;2;1549;1191;17/04/2018
0;0.15851207809821;7;1549;1198;18/04/2018
3;0.1582471034015;0;1552;1198;18/04/2018
0;0.15610751039482;0;1552;1198;19/04/2018
0;0.15607471271638;0;1552;1198;19/04/2018
1;0.1559558391727;1;1553;1199;19/04/2018
1;0.15550151623841;0;1554;1199;19/04/2018
1;0.15460543323575;1;1555;1200;19/04/2018
0;0.1543374841172;7;1555;1207;19/04/2018
0;0.15399017864956;0;1555;1207;19/04/2018
2;0.15304695717115;0;1557;1207;19/04/2018
0;0.15294180445221;0;1557;1207;19/04/2018
0;0.15233958518333;0;1557;1207;19/04/2018
0;0.15135655725953;0;1557;1207;19/04/2018
0;0.15132471148811;0;1557;1207;19/04/2018
0;0.15064450370187;0;1557;1207;19/04/2018
0;0.15034648084422;0;1557;1207;19/04/2018
0;0.14847749704063;1;1557;1208;19/04/2018
0;0.1473852100846;1;1557;1209;19/04/2018
1;0.14701101349199;0;1558;1209;19/04/2018
0;0.14659965343159;1;1558;1210;20/04/2018
0;0.14639728512897;0;1558;1210;20/04/2018
0;0.14490120683349;0;1558;1210;20/04/2018
0;0.14455201805334;1;1558;1211;20/04/2018
1;0.14300984796247;2;1559;1213;20/04/2018
0;0.1422303482789;1;1559;1214;20/04/2018
1;0.14166226335623;0;1560;1214;20/04/2018
0;0.14091494577747;0;1560;1214;20/04/2018
2;0.14037289555849;1;1562;1215;20/04/2018
2;0.13960058301428;0;1564;1215;20/04/2018
0;0.13926003045922;1;1564;1216;20/04/2018
0;0.13637062951974;3;1564;1219;20/04/2018
1;0.13620822618138;1;1565;1220;20/04/2018
0;0.13545809805185;0;1565;1220;20/04/2018
2;0.13478004429055;0;1567;1220;20/04/2018
0;0.13445947872345;1;1567;1221;23/04/2018
0;0.13368075189751;0;1567;1221;23/04/2018
0;0.13344145559793;1;1567;1222;23/04/2018
0;0.13188105425261;2;1567;1224;23/04/2018
0;0.13127135954935;1;1567;1225;24/04/2018
1;0.13030274882532;0;1568;1225;24/04/2018
3;0.12987962364602;4;1571;1229;24/04/2018
0;0.12987423567917;6;1571;1235;24/04/2018
1;0.12985004449743;1;1572;1236;24/04/2018
0;0.12953555947323;3;1572;1239;24/04/2018
0;0.12885914844706;3;1572;1242;24/04/2018
0;0.128638104416;0;1572;1242;24/04/2018
0;0.12858533918891;2;1572;1244;24/04/2018
0;0.12856291091207;0;1572;1244;24/04/2018
0;0.12772642210776;8;1572;1252;24/04/2018
2;0.12707498943113;1;1574;1253;24/04/2018
0;0.12664756664339;0;1574;1253;25/04/2018
1;0.12615483642332;0;1575;1253;25/04/2018
4;0.12588022380832;1;1579;1254;25/04/2018
0;0.12582988042334;0;1579;1254;25/04/2018
0;0.12574687931632;0;1579;1254;25/04/2018
0;0.1248092656595;1;1579;1255;25/04/2018
0;0.12349631916604;0;1579;1255;25/04/2018
1;0.12298899061962;1;1580;1256;25/04/2018
0;0.1222446100152;13;1580;1269;25/04/2018
0;0.12203356868394;0;1580;1269;25/04/2018
2;0.12169268487015;0;1582;1269;25/04/2018
0;0.12099643800098;0;1582;1269;27/04/2018
1;0.12089773858227;2;1583;1271;27/04/2018
0;0.12080798999446;10;1583;1281;27/04/2018
2;0.12066307568968;7;1585;1288;27/04/2018
1;0.11992076709192;0;1586;1288;27/04/2018
1;0.1186982869163;0;1587;1288;27/04/2018
0;0.11853834702859;0;1587;1288;03/05/2018
0;0.11853184932854;0;1587;1288;03/05/2018
0;0.11846539951637;2;1587;1290;03/05/2018
0;0.11821135897725;0;1587;1290;03/05/2018
2;0.11775815243841;1;1589;1291;03/05/2018
1;0.11746900217962;0;1590;1291;03/05/2018
1;0.1169997555277;0;1591;1291;03/05/2018
1;0.11618277041868;4;1592;1295;03/05/2018
2;0.11598988652184;1;1594;1296;03/05/2018
2;0.1153247333141;1;1596;1297;03/05/2018
0;0.11489250166221;3;1596;1300;03/05/2018
0;0.11469891870747;1;1596;1301;03/05/2018
0;0.11456566963426;0;1596;1301;03/05/2018
0;0.11376655032883;0;1596;1301;03/05/2018
1;0.11332774397274;7;1597;1308;03/05/2018
0;0.11319640201477;1;1597;1309;04/05/2018
1;0.11247394385859;1;1598;1310;04/05/2018
0;0.11146763451684;0;1598;1310;04/05/2018
0;0.11085159409422;1;1598;1311;04/05/2018
1;0.11061548741626;0;1599;1311;04/05/2018
2;0.11031672701086;0;1601;1311;04/05/2018
0;0.10962960150213;0;1601;1311;04/05/2018
1;0.10922472073494;2;1602;1313;04/05/2018
0;0.10898279149443;0;1602;1313;04/05/2018
0;0.10874278336592;4;1602;1317;04/05/2018
0;0.10787099561371;3;1602;1320;07/05/2018
0;0.10677815339771;0;1602;1320;07/05/2018
0;0.10675470853859;2;1602;1322;07/05/2018
0;0.1067022582428;4;1602;1326;07/05/2018
3;0.10622701316764;3;1605;1329;07/05/2018
0;0.1054779908165;2;1605;1331;07/05/2018
0;0.10505486710274;2;1605;1333;07/05/2018
0;0.10463450784566;0;1605;1333;07/05/2018
3;0.10356056769353;0;1608;1333;08/05/2018
0;0.10337865444131;2;1608;1335;08/05/2018
0;0.10216364102047;1;1608;1336;08/05/2018
0;0.10007855015499;10;1608;1346;08/05/2018
2;0.09948432816885;0;1610;1346;08/05/2018
1;0.098301537887776;0;1611;1346;08/05/2018
0;0.095889434676275;1;1611;1347;08/05/2018
0;0.095059814176362;1;1611;1348;08/05/2018
1;0.094683079163228;9;1612;1357;08/05/2018
0;0.094497438309571;0;1612;1357;08/05/2018
1;0.094052315199219;2;1613;1359;08/05/2018
0;0.093426284976237;2;1613;1361;08/05/2018
0;0.093411581890854;1;1613;1362;08/05/2018
0;0.093248136835424;0;1613;1362;08/05/2018
1;0.093125894988514;0;1614;1362;08/05/2018
1;0.092610194028982;0;1615;1362;08/05/2018
0;0.09189129994422;0;1615;1362;08/05/2018
0;0.090499012316903;3;1615;1365;08/05/2018
1;0.090003200396317;1;1616;1366;08/05/2018
1;0.089724262686715;1;1617;1367;10/05/2018
2;0.089337730736403;12;1619;1379;10/05/2018
0;0.08854747738196;0;1619;1379;10/05/2018
0;0.087857950285039;1;1619;1380;10/05/2018
1;0.08768843308932;1;1620;1381;10/05/2018
1;0.087041794034322;1;1621;1382;10/05/2018
1;0.086891153173152;1;1622;1383;10/05/2018
2;0.086606491869405;0;1624;1383;10/05/2018
2;0.086442322811395;0;1626;1383;10/05/2018
0;0.086009410938042;0;1626;1383;10/05/2018
0;0.0856131419901;1;1626;1384;10/05/2018
0;0.085534116960137;0;1626;1384;10/05/2018
0;0.085475206178084;0;1626;1384;10/05/2018
1;0.085299210862312;0;1627;1384;10/05/2018
0;0.085286371276206;1;1627;1385;10/05/2018
2;0.084309411070636;0;1629;1385;10/05/2018
1;0.084171863615421;0;1630;1385;10/05/2018
1;0.083910120663968;0;1631;1385;10/05/2018
0;0.083674435023084;0;1631;1385;11/05/2018
0;0.083221751524353;1;1631;1386;11/05/2018
0;0.083104107498293;1;1631;1387;11/05/2018
0;0.082346636988227;0;1631;1387;11/05/2018
0;0.081874202509539;0;1631;1387;11/05/2018
0;0.081229871358329;0;1631;1387;11/05/2018
0;0.079342349596549;5;1631;1392;14/05/2018
1;0.078542116186136;0;1632;1392;14/05/2018
1;0.0782576303272;0;1633;1392;14/05/2018
0;0.07791723920009;0;1633;1392;14/05/2018
1;0.077913680071119;0;1634;1392;14/05/2018
0;0.076694520805136;6;1634;1398;14/05/2018
0;0.076622106618273;3;1634;1401;14/05/2018
0;0.076224326796468;0;1634;1401;14/05/2018
1;0.076159529554223;0;1635;1401;14/05/2018
0;0.075883669638639;3;1635;1404;14/05/2018
1;0.075879748800578;6;1636;1410;14/05/2018
0;0.075503502277751;1;1636;1411;14/05/2018
0;0.075277341937781;0;1636;1411;14/05/2018
1;0.074843019981246;0;1637;1411;14/05/2018
0;0.073947446655023;1;1637;1412;14/05/2018
0;0.073681271053038;1;1637;1413;14/05/2018
0;0.073307092589059;1;1637;1414;14/05/2018
0;0.07294809156134;0;1637;1414;14/05/2018
0;0.07254210949899;1;1637;1415;14/05/2018
2;0.072199093362586;1;1639;1416;14/05/2018
0;0.071937317153906;2;1639;1418;14/05/2018
0;0.07064554859445;0;1639;1418;14/05/2018
0;0.070487160517904;1;1639;1419;15/05/2018
0;0.066865074749664;0;1639;1419;15/05/2018
0;0.066693580570156;1;1639;1420;15/05/2018
0;0.065810673997184;2;1639;1422;15/05/2018
0;0.065451796107095;0;1639;1422;15/05/2018
0;0.065312075634801;4;1639;1426;15/05/2018
0;0.063608355730851;0;1639;1426;15/05/2018
0;0.062497927537369;4;1639;1430;15/05/2018
1;0.061853105444842;0;1640;1430;15/05/2018
0;0.061712295950767;0;1640;1430;15/05/2018
6;0.061179447761881;2;1646;1432;15/05/2018
0;0.060914524664907;0;1646;1432;15/05/2018
0;0.05978997518062;2;1646;1434;15/05/2018
0;0.059651516453581;1;1646;1435;15/05/2018
2;0.059290074259545;2;1648;1437;15/05/2018
1;0.058452521301634;0;1649;1437;15/05/2018
0;0.057694372053566;0;1649;1437;15/05/2018
11;0.056492547836954;0;1660;1437;15/05/2018
0;0.055950883765748;0;1660;1437;15/05/2018
0;0.054956122197486;2;1660;1439;15/05/2018
0;0.053996963675476;0;1660;1439;15/05/2018
1;0.052884323437007;0;1661;1439;15/05/2018
0;0.051752033425368;1;1661;1440;15/05/2018
0;0.051748561506194;5;1661;1445;16/05/2018
0;0.051143434997497;9;1661;1454;16/05/2018
1;0.050876100409942;0;1662;1454;16/05/2018
0;0.05043960273876;0;1662;1454;16/05/2018
0;0.05011822505121;0;1662;1454;16/05/2018
1;0.049054453649841;0;1663;1454;16/05/2018
0;0.04889267746031;0;1663;1454;16/05/2018
0;0.047811771127844;0;1663;1454;16/05/2018
0;0.047417307096382;1;1663;1455;16/05/2018
0;0.047170419651177;0;1663;1455;16/05/2018
0;0.047004042303229;0;1663;1455;16/05/2018
1;0.046933727398043;0;1664;1455;16/05/2018
0;0.046559518225229;1;1664;1456;16/05/2018
0;0.045117297539675;0;1664;1456;16/05/2018
0;0.044863973586524;4;1664;1460;16/05/2018
0;0.044737542007402;1;1664;1461;16/05/2018
0;0.043507135599027;0;1664;1461;16/05/2018
0;0.042758108705693;0;1664;1461;16/05/2018
0;0.042551641142345;1;1664;1462;16/05/2018
0;0.039971574465308;1;1664;1463;16/05/2018
0;0.03901588937651;2;1664;1465;16/05/2018
0;0.038271266581703;1;1664;1466;16/05/2018
1;0.038131867345098;0;1665;1466;16/05/2018
0;0.037343520438391;0;1665;1466;16/05/2018
0;0.037032647219659;0;1665;1466;16/05/2018
0;0.036392503852419;2;1665;1468;16/05/2018
0;0.036339562423719;1;1665;1469;16/05/2018
0;0.036192694744766;23;1665;1492;17/05/2018
0;0.035527171151344;0;1665;1492;17/05/2018
0;0.034991620882425;3;1665;1495;17/05/2018
0;0.034895656267323;0;1665;1495;17/05/2018
0;0.034205155010555;0;1665;1495;17/05/2018
0;0.034203843901245;0;1665;1495;18/05/2018
0;0.033499905207427;0;1665;1495;18/05/2018
0;0.033031354612351;0;1665;1495;21/05/2018
0;0.032967605285503;0;1665;1495;21/05/2018
0;0.032445362527671;0;1665;1495;21/05/2018
1;0.032391126059227;15;1666;1510;21/05/2018
2;0.031998067483644;1;1668;1511;21/05/2018
0;0.031533433496671;1;1668;1512;21/05/2018
0;0.031143004128256;0;1668;1512;21/05/2018
1;0.031044080224771;0;1669;1512;21/05/2018
0;0.03095504333823;2;1669;1514;21/05/2018
1;0.030874621167426;0;1670;1514;21/05/2018
0;0.030772812867304;0;1670;1514;21/05/2018
0;0.030647388985277;1;1670;1515;22/05/2018
0;0.030375178355127;1;1670;1516;22/05/2018
1;0.03021648387502;1;1671;1517;22/05/2018
1;0.030115088953007;1;1672;1518;22/05/2018
0;0.029935847338559;0;1672;1518;22/05/2018
0;0.028379639592035;1;1672;1519;22/05/2018
0;0.028253900151071;1;1672;1520;22/05/2018
4;0.028189171200246;1;1676;1521;22/05/2018
0;0.027846199852061;0;1676;1521;22/05/2018
0;0.027815296782216;0;1676;1521;22/05/2018
1;0.027370265846629;0;1677;1521;22/05/2018
0;0.026790021413124;7;1677;1528;22/05/2018
1;0.026177360289427;0;1678;1528;22/05/2018
0;0.025850746822527;0;1678;1528;22/05/2018
0;0.02529834788263;2;1678;1530;22/05/2018
1;0.025168794580544;7;1679;1537;23/05/2018
1;0.025160743691512;0;1680;1537;23/05/2018
0;0.024924558085621;0;1680;1537;23/05/2018
0;0.024769707528467;0;1680;1537;23/05/2018
0;0.024755052443094;1;1680;1538;23/05/2018
0;0.024699118488196;0;1680;1538;23/05/2018
0;0.024692241114471;8;1680;1546;23/05/2018
0;0.024194111036256;2;1680;1548;23/05/2018
0;0.023904451790301;1;1680;1549;23/05/2018
3;0.023672175978944;3;1683;1552;23/05/2018
0;0.023548100836484;0;1683;1552;24/05/2018
0;0.023546204904247;1;1683;1553;24/05/2018
0;0.022818170911556;0;1683;1553;24/05/2018
1;0.022510401455326;1;1684;1554;24/05/2018
0;0.022370541841956;0;1684;1554;24/05/2018
0;0.022323898714985;1;1684;1555;24/05/2018
1;0.022122930745007;1;1685;1556;24/05/2018
2;0.022036634757273;2;1687;1558;24/05/2018
0;0.021990295949304;0;1687;1558;24/05/2018
0;0.021963754910229;0;1687;1558;24/05/2018
0;0.021867276358015;0;1687;1558;24/05/2018
0;0.021856068242102;0;1687;1558;25/05/2018
3;0.02169190248373;0;1690;1558;25/05/2018
0;0.02169190248373;0;1690;1558;25/05/2018
2;0.02169190248373;1;1692;1559;25/05/2018
0;0.02169190248373;0;1692;1559;25/05/2018
18;0.021569405797626;0;1710;1559;25/05/2018
0;0.021553330696834;0;1710;1559;25/05/2018
2;0.021482325415503;0;1712;1559;25/05/2018
1;0.021127928825407;0;1713;1559;25/05/2018
1;0.020950155484927;0;1714;1559;25/05/2018
1;0.020699063428288;0;1715;1559;25/05/2018
0;0.020202423907156;0;1715;1559;25/05/2018
0;0.020103608449001;1;1715;1560;25/05/2018
0;0.020075518372411;0;1715;1560;25/05/2018
0;0.019895984197285;8;1715;1568;25/05/2018
0;0.019710757324772;1;1715;1569;25/05/2018
0;0.019678208687146;0;1715;1569;25/05/2018
0;0.019673744106392;7;1715;1576;28/05/2018
0;0.019470428758983;1;1715;1577;28/05/2018
0;0.019424190508779;0;1715;1577;28/05/2018
0;0.019304595284001;2;1715;1579;28/05/2018
0;0.019264823159781;0;1715;1579;28/05/2018
0;0.019080756804149;0;1715;1579;28/05/2018
0;0.019038081048314;3;1715;1582;28/05/2018
1;0.018874546473339;1;1716;1583;28/05/2018
1;0.018765606881602;0;1717;1583;28/05/2018
0;0.018615311173605;5;1717;1588;28/05/2018
0;0.018575689310167;0;1717;1588;29/05/2018
0;0.018564407320239;0;1717;1588;29/05/2018
0;0.01849785036946;0;1717;1588;29/05/2018
1;0.018015929646611;0;1718;1588;29/05/2018
1;0.017944345519599;1;1719;1589;29/05/2018
0;0.017763457197993;0;1719;1589;29/05/2018
1;0.017712053953312;0;1720;1589;29/05/2018
0;0.017635931762304;0;1720;1589;29/05/2018
0;0.017529745265849;0;1720;1589;29/05/2018
0;0.017489909905124;1;1720;1590;29/05/2018
0;0.017335761389622;0;1720;1590;30/05/2018
2;0.017184380146287;1;1722;1591;30/05/2018
0;0.017137798165388;1;1722;1592;30/05/2018
0;0.017036940521351;3;1722;1595;30/05/2018
1;0.017027370886056;1;1723;1596;30/05/2018
1;0.016977281899052;1;1724;1597;30/05/2018
0;0.01684674553496;0;1724;1597;30/05/2018
0;0.016660994080593;0;1724;1597;30/05/2018
0;0.016657325614944;0;1724;1597;30/05/2018
2;0.016617398437483;0;1726;1597;30/05/2018
0;0.016574855592507;2;1726;1599;30/05/2018
0;0.01646550855524;1;1726;1600;30/05/2018
1;0.016402636187894;0;1727;1600;30/05/2018
1;0.016262479814753;0;1728;1600;30/05/2018
3;0.015953738995191;0;1731;1600;30/05/2018
1;0.015942481505023;0;1732;1600;30/05/2018
0;0.015922463971687;0;1732;1600;30/05/2018
1;0.01585028197417;0;1733;1600;30/05/2018
1;0.015796664276488;0;1734;1600;30/05/2018
0;0.015770341121345;1;1734;1601;30/05/2018
2;0.015744672541337;0;1736;1601;30/05/2018
0;0.015723913167579;0;1736;1601;30/05/2018
0;0.015507289792591;1;1736;1602;30/05/2018
1;0.015483298969776;0;1737;1602;30/05/2018
0;0.015454583369868;0;1737;1602;30/05/2018
0;0.015398398747569;0;1737;1602;30/05/2018
2;0.015354281101497;1;1739;1603;30/05/2018
0;0.015354281101497;0;1739;1603;31/05/2018
0;0.015280087541569;0;1739;1603;31/05/2018
0;0.015277522263461;0;1739;1603;31/05/2018
0;0.015277522263461;0;1739;1603;31/05/2018
1;0.015081377315625;0;1740;1603;31/05/2018
0;0.01507671450011;0;1740;1603;31/05/2018
1;0.015046893797124;0;1741;1603;31/05/2018
1;0.015046893797124;3;1742;1606;31/05/2018
4;0.015046893797124;2;1746;1608;31/05/2018
0;0.015046893797124;0;1746;1608;31/05/2018
0;0.015046893797124;0;1746;1608;31/05/2018
0;0.014866128423062;0;1746;1608;31/05/2018
1;0.014837905240722;0;1747;1608;31/05/2018
0;0.014837024709589;0;1747;1608;31/05/2018
0;0.014755324296109;1;1747;1609;31/05/2018
1;0.014712464474889;0;1748;1609;31/05/2018
0;0.014668141408745;0;1748;1609;31/05/2018
0;0.014551816113141;1;1748;1610;31/05/2018
0;0.01451440521743;0;1748;1610;31/05/2018
1;0.014490596806504;1;1749;1611;31/05/2018
0;0.014484550654864;1;1749;1612;31/05/2018
1;0.014417604615946;0;1750;1612;31/05/2018
1;0.014346986384787;2;1751;1614;31/05/2018
0;0.014332693085921;0;1751;1614;31/05/2018
2;0.014324772653153;0;1753;1614;31/05/2018
1;0.0142174663027;0;1754;1614;31/05/2018
0;0.014215601609339;0;1754;1614;31/05/2018
0;0.014178885310645;0;1754;1614;31/05/2018
1;0.014169731424477;0;1755;1614;31/05/2018
0;0.014158830438499;0;1755;1614;31/05/2018
0;0.014083408047831;1;1755;1615;31/05/2018
0;0.013960528716265;1;1755;1616;31/05/2018
1;0.013955596061695;0;1756;1616;01/06/2018
0;0.01389700439208;0;1756;1616;04/06/2018
0;0.013874852998094;0;1756;1616;04/06/2018
1;0.013822897117455;0;1757;1616;04/06/2018
0;0.013763370277329;0;1757;1616;04/06/2018
0;0.013641387191457;0;1757;1616;04/06/2018
0;0.013634414163725;0;1757;1616;04/06/2018
1;0.013539063582374;0;1758;1616;04/06/2018
0;0.013512717716801;0;1758;1616;04/06/2018
0;0.013486201604821;0;1758;1616;04/06/2018
1;0.013417520279493;0;1759;1616;04/06/2018
0;0.013397220971775;2;1759;1618;04/06/2018
0;0.013385070368069;0;1759;1618;04/06/2018
0;0.013312783932576;0;1759;1618;04/06/2018
0;0.01320118346748;0;1759;1618;04/06/2018
1;0.013186111946305;0;1760;1618;04/06/2018
1;0.013106391594911;0;1761;1618;04/06/2018
0;0.013101554545773;0;1761;1618;04/06/2018
0;0.012986674192155;0;1761;1618;04/06/2018
0;0.012927985135856;0;1761;1618;04/06/2018
0;0.012828541352671;0;1761;1618;04/06/2018
0;0.012773510694642;0;1761;1618;04/06/2018
0;0.01269782864081;0;1761;1618;04/06/2018
0;0.012694797932757;0;1761;1618;04/06/2018
0;0.01269342963074;0;1761;1618;04/06/2018
0;0.012623745688504;0;1761;1618;04/06/2018
0;0.012609065688592;1;1761;1619;04/06/2018
0;0.01255494113221;0;1761;1619;04/06/2018
0;0.012493729224959;0;1761;1619;04/06/2018
0;0.012472754350169;1;1761;1620;04/06/2018
1;0.012444256120819;0;1762;1620;04/06/2018
1;0.012429326608605;3;1763;1623;04/06/2018
0;0.012367393734214;0;1763;1623;04/06/2018
0;0.012344966125255;0;1763;1623;04/06/2018
0;0.011871591395834;0;1763;1623;04/06/2018
0;0.011837975838572;0;1763;1623;05/06/2018
0;0.011834385423052;0;1763;1623;05/06/2018
4;0.011793801063797;0;1767;1623;05/06/2018
0;0.011770697965804;0;1767;1623;05/06/2018
0;0.011720482887795;0;1767;1623;05/06/2018
0;0.011709310160615;0;1767;1623;05/06/2018
0;0.011625511634535;0;1767;1623;05/06/2018
0;0.011611966853438;0;1767;1623;05/06/2018
1;0.011600995596138;0;1768;1623;05/06/2018
1;0.011600995596138;1;1769;1624;05/06/2018
12;0.011600995596138;1;1781;1625;05/06/2018
0;0.011522911800185;2;1781;1627;05/06/2018
1;0.011505330516379;1;1782;1628;05/06/2018
0;0.011499589079689;0;1782;1628;05/06/2018
0;0.011470420074895;1;1782;1629;05/06/2018
7;0.011438886946584;1;1789;1630;05/06/2018
0;0.011416749812025;1;1789;1631;05/06/2018
0;0.011402556798172;0;1789;1631;05/06/2018
1;0.011386514786782;6;1790;1637;05/06/2018
3;0.011372632165952;0;1793;1637;05/06/2018
0;0.011372632165952;0;1793;1637;05/06/2018
0;0.011372632165952;0;1793;1637;05/06/2018
0;0.011372632165952;0;1793;1637;05/06/2018
0;0.011372632165952;1;1793;1638;05/06/2018
0;0.011372632165952;1;1793;1639;05/06/2018
0;0.011341151413353;0;1793;1639;05/06/2018
0;0.011265646248906;1;1793;1640;05/06/2018
0;0.011195489715185;0;1793;1640;05/06/2018
0;0.011122000243406;0;1793;1640;05/06/2018
0;0.011042242914653;0;1793;1640;05/06/2018
1;0.011021291397704;0;1794;1640;05/06/2018
0;0.010980161482193;1;1794;1641;05/06/2018
0;0.010969088090283;14;1794;1655;05/06/2018
0;0.010934201314572;5;1794;1660;05/06/2018
0;0.010916136730535;0;1794;1660;05/06/2018
0;0.010855894369244;0;1794;1660;05/06/2018
0;0.010848769203877;0;1794;1660;05/06/2018
0;0.010834063008274;1;1794;1661;06/06/2018
0;0.010812760889852;0;1794;1661;06/06/2018
0;0.010775144509247;0;1794;1661;06/06/2018
0;0.010753770894323;0;1794;1661;06/06/2018
0;0.010753770894323;0;1794;1661;06/06/2018
0;0.010753770894323;0;1794;1661;06/06/2018
0;0.010734435309046;0;1794;1661;06/06/2018
2;0.01070192987173;0;1796;1661;06/06/2018
0;0.010691283635272;2;1796;1663;06/06/2018
0;0.010672752432719;0;1796;1663;06/06/2018
0;0.010654926688765;11;1796;1674;07/06/2018
1;0.010654926688765;0;1797;1674;08/06/2018
1;0.010618560374975;0;1798;1674;08/06/2018
0;0.010613544290098;0;1798;1674;08/06/2018
0;0.010609355038773;0;1798;1674;08/06/2018
2;0.010599027453992;0;1800;1674;08/06/2018
0;0.010589381825205;0;1800;1674;08/06/2018
1;0.010457178031085;2;1801;1676;08/06/2018
1;0.010434081244268;3;1802;1679;08/06/2018
0;0.010385673513935;2;1802;1681;08/06/2018
1;0.010331462241518;0;1803;1681;08/06/2018
0;0.010264648934445;0;1803;1681;08/06/2018
0;0.010244367960566;0;1803;1681;08/06/2018
0;0.010123804044676;0;1803;1681;08/06/2018
0;0.010067908485708;9;1803;1690;08/06/2018
1;0.010020592772804;1;1804;1691;08/06/2018
0;0.010006963222448;0;1804;1691;08/06/2018
0;0.0099819696377938;0;1804;1691;08/06/2018
1;0.0099360859328957;0;1805;1691;08/06/2018
0;0.0098494386365814;1;1805;1692;08/06/2018
1;0.0098303407638543;2;1806;1694;08/06/2018
0;0.0098270051061718;5;1806;1699;08/06/2018
0;0.0097581715019111;0;1806;1699;08/06/2018
0;0.0097476615008823;0;1806;1699;08/06/2018
1;0.0097476615008823;1;1807;1700;08/06/2018
7;0.0096595871385702;0;1814;1700;09/06/2018
1;0.009648360043241;1;1815;1701;09/06/2018
0;0.0095882901129224;0;1815;1701;09/06/2018
1;0.0095718226548284;5;1816;1706;09/06/2018
0;0.009470372804925;1;1816;1707;09/06/2018
0;0.0094698511708746;1;1816;1708;09/06/2018
0;0.0094658979194766;0;1816;1708;09/06/2018
10;0.0094414613603524;0;1826;1708;09/06/2018
0;0.0094310333168092;0;1826;1708;09/06/2018
1;0.0094150628934212;0;1827;1708;09/06/2018
0;0.0094088821902164;3;1827;1711;09/06/2018
0;0.0094056176552132;0;1827;1711;09/06/2018
0;0.0093235353320518;0;1827;1711;09/06/2018
0;0.0093235353320518;0;1827;1711;09/06/2018
0;0.0093181751842222;0;1827;1711;09/06/2018
4;0.0093172946530893;0;1831;1711;09/06/2018
9;0.0093172946530893;0;1840;1711;09/06/2018
2;0.0093172946530893;0;1842;1711;09/06/2018
0;0.0093128712246734;0;1842;1711;09/06/2018
0;0.009275470013316;0;1842;1711;09/06/2018
0;0.0092538348834189;0;1842;1711;09/06/2018
0;0.0092412826418161;0;1842;1711;13/06/2018
0;0.0092336886279744;4;1842;1715;13/06/2018
0;0.009225052246333;0;1842;1715;13/06/2018
0;0.0091941784675598;0;1842;1715;13/06/2018
0;0.0091941784675598;0;1842;1715;13/06/2018
0;0.0091941784675598;0;1842;1715;13/06/2018
0;0.0091941784675598;0;1842;1715;13/06/2018
0;0.0091720923374993;2;1842;1717;14/06/2018
0;0.009150934727814;2;1842;1719;14/06/2018
0;0.0091268899424132;0;1842;1719;14/06/2018
1;0.0091187904624804;0;1843;1719;14/06/2018
0;0.0091176929972236;5;1843;1724;14/06/2018
0;0.00906186187245;0;1843;1724;14/06/2018
0;0.0090611084874494;0;1843;1724;14/06/2018
0;0.0090512995484384;0;1843;1724;14/06/2018
1;0.0090022212362311;0;1844;1724;14/06/2018
0;0.0089767563963153;0;1844;1724;14/06/2018
1;0.0089387805105547;1;1845;1725;14/06/2018
0;0.0089387805105547;1;1845;1726;14/06/2018
0;0.0089043971164082;0;1845;1726;14/06/2018
0;0.0089016737840491;0;1845;1726;14/06/2018
0;0.0088982903406054;1;1845;1727;14/06/2018
0;0.0088824189794914;0;1845;1727;14/06/2018
0;0.0088119818501793;0;1845;1727;14/06/2018
0;0.0087936691912456;1;1845;1728;14/06/2018
0;0.008763600549587;0;1845;1728;14/06/2018
1;0.0087278101663427;0;1846;1728;14/06/2018
0;0.0087106360288975;0;1846;1728;14/06/2018
1;0.0087070097967554;2;1847;1730;14/06/2018
0;0.0086649076517131;0;1847;1730;14/06/2018
0;0.0086510577274375;1;1847;1731;14/06/2018
0;0.0085465089765259;0;1847;1731;14/06/2018
0;0.0085322169883389;0;1847;1731;15/06/2018
0;0.0085058625002862;0;1847;1731;15/06/2018
8;0.0084816085464898;0;1855;1731;15/06/2018
6;0.0084665924897897;0;1861;1731;15/06/2018
0;0.008459206193757;0;1861;1731;15/06/2018
0;0.0084405447801007;3;1861;1734;15/06/2018
0;0.0084405447801007;0;1861;1734;15/06/2018
0;0.0084206505471817;0;1861;1734;15/06/2018
0;0.0084119074953274;0;1861;1734;15/06/2018
0;0.0084052163593299;0;1861;1734;15/06/2018
1;0.008382772045511;0;1862;1734;15/06/2018
0;0.0083557435401423;0;1862;1734;15/06/2018
0;0.0083556046402442;0;1862;1734;15/06/2018
0;0.008338036843989;0;1862;1734;18/06/2018
0;0.0083340876921758;0;1862;1734;18/06/2018
0;0.0082581901975069;6;1862;1740;18/06/2018
1;0.0081955831591777;0;1863;1740;18/06/2018
0;0.0081876750634392;1;1863;1741;18/06/2018
0;0.0081676653013489;1;1863;1742;18/06/2018
0;0.0081568441032316;1;1863;1743;18/06/2018
0;0.0081391141202438;1;1863;1744;18/06/2018
1;0.0081211841164794;1;1864;1745;18/06/2018
2;0.0081155946084836;0;1866;1745;18/06/2018
0;0.0081024857305847;1;1866;1746;18/06/2018
0;0.0080802398727771;6;1866;1752;18/06/2018
1;0.0080276872443297;3;1867;1755;18/06/2018
0;0.0080276872443297;1;1867;1756;19/06/2018
0;0.007954053335391;0;1867;1756;19/06/2018
0;0.007954053335391;0;1867;1756;19/06/2018
0;0.007954053335391;1;1867;1757;19/06/2018
0;0.007935877018834;0;1867;1757;19/06/2018
1;0.0079304578151423;0;1868;1757;19/06/2018
2;0.0079290376915338;0;1870;1757;19/06/2018
0;0.0078945451405909;1;1870;1758;19/06/2018
0;0.0078014474590707;0;1870;1758;19/06/2018
0;0.0077389571247509;1;1870;1759;19/06/2018
1;0.0077323601437499;0;1871;1759;19/06/2018
0;0.0077059877389262;0;1871;1759;19/06/2018
0;0.0077039502936222;0;1871;1759;19/06/2018
0;0.0077007985219885;0;1871;1759;19/06/2018
4;0.0076586049666501;0;1875;1759;19/06/2018
0;0.0076554273882354;1;1875;1760;19/06/2018
0;0.0076299709190309;2;1875;1762;19/06/2018
0;0.0075946979918397;0;1875;1762;19/06/2018
1;0.0075780945481843;0;1876;1762;19/06/2018
0;0.0075494262199412;0;1876;1762;19/06/2018
0;0.0075390961273091;0;1876;1762;19/06/2018
0;0.0075382519560474;0;1876;1762;19/06/2018
2;0.0075374436697631;0;1878;1762;19/06/2018
1;0.0075367164620201;0;1879;1762;20/06/2018
0;0.0075367164620201;1;1879;1763;20/06/2018
0;0.0075295384086114;3;1879;1766;20/06/2018
0;0.0075188469885007;1;1879;1767;20/06/2018
1;0.0074921249307272;0;1880;1767;20/06/2018
1;0.0074712566204433;0;1881;1767;20/06/2018
0;0.0074286677619151;2;1881;1769;20/06/2018
0;0.0074166764098869;0;1881;1769;20/06/2018
0;0.0074098028903976;0;1881;1769;20/06/2018
0;0.0073479766759936;0;1881;1769;20/06/2018
0;0.0073339678467338;0;1881;1769;20/06/2018
3;0.0073073104089004;0;1884;1769;20/06/2018
2;0.0073056570516566;0;1886;1769;20/06/2018
3;0.0073036908494371;2;1889;1771;20/06/2018
1;0.0072649424664221;0;1890;1771;20/06/2018
0;0.007251251380533;0;1890;1771;20/06/2018
1;0.007251251380533;0;1891;1771;20/06/2018
0;0.007225432859893;0;1891;1771;20/06/2018
1;0.0072071337344603;0;1892;1771;21/06/2018
0;0.0072071337344603;2;1892;1773;21/06/2018
1;0.0072071337344603;0;1893;1773;21/06/2018
1;0.0072071337344603;0;1894;1773;21/06/2018
4;0.0072022650170616;0;1898;1773;21/06/2018
0;0.0071457157341195;3;1898;1776;21/06/2018
0;0.0071262738076166;1;1898;1777;21/06/2018
0;0.0071089838591149;0;1898;1777;21/06/2018
0;0.0071085040927492;0;1898;1777;21/06/2018
1;0.0070803897942846;0;1899;1777;21/06/2018
0;0.0070803897942846;6;1899;1783;21/06/2018
0;0.0070803897942846;1;1899;1784;21/06/2018
0;0.0070429559326282;1;1899;1785;21/06/2018
1;0.0070266198075873;0;1900;1785;21/06/2018
0;0.0070150213819199;2;1900;1787;21/06/2018
2;0.0069894610549112;1;1902;1788;21/06/2018
0;0.0069881209716784;9;1902;1797;22/06/2018
0;0.0069350894749685;0;1902;1797;22/06/2018
0;0.0069278731470882;0;1902;1797;25/06/2018
0;0.0069264808326426;0;1902;1797;25/06/2018
0;0.0069166650311743;2;1902;1799;25/06/2018
0;0.0068596161806089;0;1902;1799;25/06/2018
1;0.006859083825218;1;1903;1800;25/06/2018
2;0.0068556853587745;0;1905;1800;25/06/2018
0;0.006839448140804;2;1905;1802;25/06/2018
0;0.0068191477732316;1;1905;1803;25/06/2018
0;0.0068024841159803;0;1905;1803;25/06/2018
1;0.0066547690041884;2;1906;1805;25/06/2018
0;0.0065957493263674;1;1906;1806;25/06/2018
1;0.0065815785379177;0;1907;1806;25/06/2018
1;0.0065675697086579;0;1908;1806;25/06/2018
0;0.0065590516800004;9;1908;1815;25/06/2018
0;0.0065325506091713;0;1908;1815;25/06/2018
0;0.0065094899891395;7;1908;1822;25/06/2018
0;0.0064976743477132;1;1908;1823;26/06/2018
0;0.0064840270663348;0;1908;1823;26/06/2018
0;0.0064743992700064;1;1908;1824;26/06/2018
2;0.0064632029951342;1;1910;1825;26/06/2018
0;0.0063775453529852;1;1910;1826;26/06/2018
0;0.0063687364015692;5;1910;1831;26/06/2018
1;0.0063631975058858;0;1911;1831;26/06/2018
2;0.0062550230887551;1;1913;1832;26/06/2018
0;0.0062284553119339;0;1913;1832;26/06/2018
0;0.0061597645748034;2;1913;1834;26/06/2018
0;0.0061567601688446;1;1913;1835;26/06/2018
0;0.0061380349141013;2;1913;1837;26/06/2018
1;0.0061375792337244;2;1914;1839;26/06/2018
1;0.0061339590270443;2;1915;1841;26/06/2018
0;0.0061122675421814;2;1915;1843;26/06/2018
0;0.006094018329379;1;1915;1844;26/06/2018
0;0.0060747777442882;4;1915;1848;26/06/2018
0;0.0060485257333864;2;1915;1850;26/06/2018
0;0.0060485257333864;2;1915;1852;26/06/2018
0;0.0060389761632177;6;1915;1858;26/06/2018
0;0.0060087662178177;2;1915;1860;26/06/2018
1;0.0059688288469003;1;1916;1861;26/06/2018
0;0.0059641099127847;1;1916;1862;26/06/2018
0;0.0059460809029825;1;1916;1863;26/06/2018
0;0.0059268752220018;0;1916;1863;26/06/2018
2;0.0059268752220018;1;1918;1864;26/06/2018
0;0.005919447215583;0;1918;1864;26/06/2018
0;0.0058431405149639;0;1918;1864;27/06/2018
1;0.0058305352372023;1;1919;1865;27/06/2018
1;0.0057591120253526;1;1920;1866;27/06/2018
0;0.0056826251465861;0;1920;1866;27/06/2018
0;0.0056775306737058;0;1920;1866;27/06/2018
5;0.0056612566947625;2;1925;1868;27/06/2018
0;0.0056398033851554;5;1925;1873;27/06/2018
0;0.0056223553308232;3;1925;1876;27/06/2018
1;0.0056223553308232;0;1926;1876;27/06/2018
0;0.0056101609272284;1;1926;1877;27/06/2018
0;0.0056010766450734;0;1926;1877;27/06/2018
0;0.0056010766450734;0;1926;1877;27/06/2018
0;0.0056010766450734;0;1926;1877;27/06/2018
0;0.0056010766450734;0;1926;1877;27/06/2018
0;0.0055985708355308;3;1926;1880;27/06/2018
2;0.0055877951201678;1;1928;1881;27/06/2018
0;0.0055870337751475;4;1928;1885;27/06/2018
0;0.005545893093781;0;1928;1885;27/06/2018
0;0.0055184110774263;0;1928;1885;27/06/2018
0;0.005499093759433;0;1928;1885;27/06/2018
0;0.0054852176105129;0;1928;1885;27/06/2018
0;0.0054814960409894;2;1928;1887;27/06/2018
0;0.0054600960602362;1;1928;1888;27/06/2018
0;0.0054590165515273;0;1928;1888;27/06/2018
1;0.0054537167075984;0;1929;1888;27/06/2018
2;0.0053900129327091;1;1931;1889;27/06/2018
0;0.0053900129327091;2;1931;1891;27/06/2018
0;0.0053657789298216;0;1931;1891;27/06/2018
0;0.0053212426837329;0;1931;1891;27/06/2018
0;0.005312117422472;2;1931;1893;27/06/2018
1;0.0053058297429923;3;1932;1896;27/06/2018
0;0.0052528985818908;0;1932;1896;27/06/2018
0;0.0052055650948549;0;1932;1896;28/06/2018
1;0.0051877410560173;3;1933;1899;28/06/2018
1;0.0051790505492743;14;1934;1913;28/06/2018
0;0.0051425737440841;1;1934;1914;28/06/2018
0;0.0051090541368734;6;1934;1920;28/06/2018
0;0.0051064737172178;0;1934;1920;28/06/2018
2;0.0050221641735012;0;1936;1920;28/06/2018
0;0.004990074362889;0;1936;1920;28/06/2018
1;0.0049693483445227;0;1937;1920;28/06/2018
1;0.0049693483445227;0;1938;1920;28/06/2018
0;0.0049384609710347;0;1938;1920;28/06/2018
0;0.0049316522364594;0;1938;1920;28/06/2018
0;0.0049260493037775;1;1938;1921;28/06/2018
1;0.004906330979838;4;1939;1925;28/06/2018
0;0.0048619447396837;4;1939;1929;28/06/2018
1;0.0048258366747306;1;1940;1930;28/06/2018
1;0.0047402981788728;5;1941;1935;28/06/2018
0;0.0046957531021918;1;1941;1936;02/07/2018
0;0.0046956544921193;7;1941;1943;02/07/2018
5;0.0046319308888635;1;1946;1944;02/07/2018
1;0.0046223138724789;0;1947;1944;02/07/2018
0;0.004613713212552;3;1947;1947;02/07/2018
0;0.0045941837643524;16;1947;1963;02/07/2018
0;0.0045724261778145;0;1947;1963;02/07/2018
0;0.0045715973969525;0;1947;1963;02/07/2018
0;0.0045551180969602;0;1947;1963;02/07/2018
0;0.0045330582543564;1;1947;1964;02/07/2018
3;0.0045068928893205;1;1950;1965;02/07/2018
1;0.0044977085597287;1;1951;1966;02/07/2018
0;0.0044876540237086;2;1951;1968;02/07/2018
1;0.0044441096077606;2;1952;1970;02/07/2018
1;0.0044200583918866;0;1953;1970;02/07/2018
1;0.0044124873967672;1;1954;1971;02/07/2018
0;0.0043938584158033;0;1954;1971;02/07/2018
0;0.0043797855201714;0;1954;1971;02/07/2018
1;0.0043797855201714;0;1955;1971;03/07/2018
0;0.0043792902260554;0;1955;1971;03/07/2018
1;0.0043544354361369;0;1956;1971;03/07/2018
0;0.0043085733597359;0;1956;1971;03/07/2018
1;0.0043063173288005;0;1957;1971;03/07/2018
1;0.0042932226651655;0;1958;1971;03/07/2018
0;0.0042932226651655;0;1958;1971;03/07/2018
0;0.0042932226651655;1;1958;1972;04/07/2018
0;0.0042932226651655;0;1958;1972;04/07/2018
1;0.0042932226651655;0;1959;1972;04/07/2018
0;0.0042932226651655;0;1959;1972;04/07/2018
1;0.0042932226651655;0;1960;1972;04/07/2018
1;0.0042932226651655;1;1961;1973;04/07/2018
2;0.0042932226651655;0;1963;1973;04/07/2018
3;0.0042932226651655;1;1966;1974;04/07/2018
1;0.0042932226651655;0;1967;1974;04/07/2018
0;0.0042932226651655;1;1967;1975;05/07/2018
0;0.0042932226651655;0;1967;1975;05/07/2018
2;0.0042735069657362;0;1969;1975;05/07/2018
0;0.0042546900918981;0;1969;1975;05/07/2018
1;0.004241253816988;0;1970;1975;05/07/2018
1;0.004241253816988;6;1971;1981;05/07/2018
1;0.004241253816988;0;1972;1981;05/07/2018
0;0.004241253816988;0;1972;1981;05/07/2018
0;0.0042372575371777;0;1972;1981;05/07/2018
0;0.004199397534431;1;1972;1982;05/07/2018
0;0.0041936482641276;1;1972;1983;05/07/2018
0;0.0041827822745368;4;1972;1987;05/07/2018
0;0.0041730732316626;0;1972;1987;05/07/2018
2;0.0041486650843795;0;1974;1987;05/07/2018
0;0.0041442986374088;0;1974;1987;05/07/2018
0;0.0041330905214949;0;1974;1987;05/07/2018
1;0.0041330905214949;0;1975;1987;05/07/2018
0;0.0040960599123786;0;1975;1987;05/07/2018
0;0.0040949316254835;0;1975;1987;05/07/2018
1;0.0040919190846195;0;1976;1987;06/07/2018
0;0.004066296608866;0;1976;1987;06/07/2018
0;0.0040605501605267;0;1976;1987;06/07/2018
17;0.0040493420446128;0;1993;1987;06/07/2018
1;0.0040351142598451;0;1994;1987;06/07/2018
0;0.0039761014411973;4;1994;1991;06/07/2018
1;0.0039761014411973;7;1995;1998;06/07/2018
1;0.0039533873814362;0;1996;1998;06/07/2018
0;0.0039533873814362;0;1996;1998;06/07/2018
0;0.0039526487026483;0;1996;1998;06/07/2018
0;0.0039526487026483;0;1996;1998;06/07/2018
0;0.0039200055298471;2;1996;2000;06/07/2018
0;0.0038975092091642;0;1996;2000;06/07/2018
0;0.0038793428955668;0;1996;2000;06/07/2018
0;0.0038757571260055;0;1996;2000;06/07/2018
2;0.003838323264349;14;1998;2014;06/07/2018
0;0.0038250331513202;0;1998;2014;06/07/2018
0;0.0037885549038988;0;1998;2014;06/07/2018
0;0.0037885549038988;0;1998;2014;06/07/2018
1;0.0037885549038988;0;1999;2014;06/07/2018
0;0.0037885549038988;0;1999;2014;06/07/2018
0;0.0037885549038988;2;1999;2016;09/07/2018
0;0.0037498568773795;0;1999;2016;09/07/2018
0;0.003588771901216;1;1999;2017;09/07/2018
0;0.0035774778172027;1;1999;2018;09/07/2018
0;0.0035774778172027;1;1999;2019;09/07/2018
1;0.0035656366873954;1;2000;2020;09/07/2018
0;0.0035539158354158;0;2000;2020;09/07/2018
0;0.0035503472110143;0;2000;2020;09/07/2018
0;0.0035324983735741;0;2000;2020;09/07/2018
1;0.003500688468347;0;2001;2020;09/07/2018
0;0.003500688468347;0;2001;2020;09/07/2018
0;0.0034790738323895;0;2001;2020;09/07/2018
0;0.0034637843560085;0;2001;2020;09/07/2018
0;0.0034613599204108;0;2001;2020;09/07/2018
0;0.0034555124250837;1;2001;2021;09/07/2018
0;0.0034275724187236;1;2001;2022;09/07/2018
1;0.0034010727954362;0;2002;2022;09/07/2018
0;0.0033740119846058;0;2002;2022;09/07/2018
0;0.0033631443487308;0;2002;2022;09/07/2018
1;0.0033549479396895;17;2003;2039;09/07/2018
0;0.0033421673046352;1;2003;2040;09/07/2018
0;0.0033421673046352;0;2003;2040;09/07/2018
0;0.0033189876872936;0;2003;2040;09/07/2018
0;0.0031963054327229;1;2003;2041;09/07/2018
1;0.0031945307372063;0;2004;2041;09/07/2018
3;0.0031826624290948;0;2007;2041;09/07/2018
0;0.0031793163012159;0;2007;2041;09/07/2018
0;0.003158278177149;1;2007;2042;09/07/2018
0;0.003096099574089;0;2007;2042;09/07/2018
1;0.003096099574089;1;2008;2043;09/07/2018
3;0.003096099574089;0;2011;2043;09/07/2018
0;0.003096099574089;0;2011;2043;10/07/2018
0;0.0030848914581751;0;2011;2043;10/07/2018
1;0.0030577524626996;1;2012;2044;10/07/2018
0;0.0030520087661585;0;2012;2044;10/07/2018
0;0.0030345493525042;0;2012;2044;11/07/2018
0;0.0030309635829429;0;2012;2044;11/07/2018
1;0.0030309635829429;0;2013;2044;11/07/2018
2;0.00303008305181;0;2015;2044;11/07/2018
0;0.00303008305181;0;2015;2044;11/07/2018
1;0.0030183082555771;0;2016;2044;11/07/2018
0;0.0029778778656973;12;2016;2056;11/07/2018
0;0.0029578871343864;1;2016;2057;11/07/2018
0;0.0029492278914421;0;2016;2057;11/07/2018
0;0.0029093465315696;1;2016;2058;11/07/2018
0;0.0028895530008221;0;2016;2058;11/07/2018
0;0.0028851827208434;3;2016;2061;11/07/2018
2;0.002800380434277;0;2018;2061;11/07/2018
0;0.002796983163899;0;2018;2061;11/07/2018
0;0.0027884169461363;0;2018;2061;11/07/2018
1;0.0027406902926908;0;2019;2061;11/07/2018
0;0.0027055792640597;0;2019;2061;11/07/2018
1;0.0027001086093525;0;2020;2061;11/07/2018
0;0.0026950556800499;0;2020;2061;11/07/2018
0;0.0026499814547221;0;2020;2061;11/07/2018
0;0.0026499814547221;0;2020;2061;11/07/2018
1;0.0026357606596257;1;2021;2062;11/07/2018
0;0.0026357606596257;0;2021;2062;11/07/2018
0;0.0026357606596257;1;2021;2063;11/07/2018
1;0.0026357606596257;0;2022;2063;11/07/2018
0;0.0026357606596257;0;2022;2063;11/07/2018
0;0.0026357606596257;0;2022;2063;11/07/2018
0;0.0025746420620092;0;2022;2063;11/07/2018
1;0.0025039581429448;0;2023;2063;11/07/2018
12;0.0024793234252118;2;2035;2065;11/07/2018
0;0.0024393407150442;0;2035;2065;11/07/2018
0;0.0024274724069328;0;2035;2065;12/07/2018
1;0.0024274724069328;0;2036;2065;12/07/2018
0;0.0024274724069328;1;2036;2066;12/07/2018
0;0.0024274724069328;0;2036;2066;12/07/2018
7;0.0024162642910189;0;2043;2066;12/07/2018
0;0.0024059226844337;0;2043;2066;12/07/2018
0;0.0023685135963188;0;2043;2066;12/07/2018
0;0.0023409095519269;0;2043;2066;12/07/2018
1;0.0023409095519269;1;2044;2067;12/07/2018
0;0.0023390643768341;0;2044;2067;12/07/2018
0;0.0023350541663665;0;2044;2067;12/07/2018
0;0.0023297014360131;0;2044;2067;12/07/2018
0;0.0023297014360131;0;2044;2067;12/07/2018
0;0.0023297014360131;0;2044;2067;12/07/2018
0;0.0023238460504526;0;2044;2067;12/07/2018
2;0.0022649333028641;2;2046;2069;12/07/2018
2;0.0022252130020056;1;2048;2070;12/07/2018
0;0.0022252130020056;0;2048;2070;12/07/2018
0;0.0021879008608329;0;2048;2070;12/07/2018
0;0.0021879008608329;0;2048;2070;12/07/2018
0;0.0021879008608329;0;2048;2070;12/07/2018
1;0.0021879008608329;0;2049;2070;12/07/2018
0;0.0021682318289291;0;2049;2070;12/07/2018
0;0.0021322593081368;1;2049;2071;12/07/2018
0;0.0021318743058276;0;2049;2071;12/07/2018
0;0.0021310928983591;0;2049;2071;12/07/2018
1;0.0021310928983591;0;2050;2071;12/07/2018
0;0.0021156661440735;0;2050;2071;13/07/2018
0;0.002101338005827;0;2050;2071;13/07/2018
0;0.002101338005827;0;2050;2071;13/07/2018
0;0.002101338005827;3;2050;2074;13/07/2018
0;0.002101338005827;0;2050;2074;13/07/2018
0;0.002101338005827;1;2050;2075;13/07/2018
0;0.002101338005827;0;2050;2075;13/07/2018
0;0.002101338005827;0;2050;2075;13/07/2018
0;0.002101338005827;0;2050;2075;13/07/2018
0;0.002101338005827;0;2050;2075;13/07/2018
3;0.002101338005827;0;2053;2075;13/07/2018
0;0.002101338005827;0;2053;2075;13/07/2018
0;0.002101338005827;0;2053;2075;13/07/2018
1;0.002101338005827;0;2054;2075;13/07/2018
1;0.002101338005827;0;2055;2075;13/07/2018
0;0.002101338005827;0;2055;2075;13/07/2018
0;0.002101338005827;0;2055;2075;13/07/2018
0;0.002101338005827;0;2055;2075;13/07/2018
1;0.002101338005827;1;2056;2076;13/07/2018
2;0.002101338005827;0;2058;2076;13/07/2018
0;0.002101338005827;0;2058;2076;13/07/2018
0;0.002101338005827;1;2058;2077;13/07/2018
2;0.002101338005827;0;2060;2077;13/07/2018
0;0.002101338005827;0;2060;2077;13/07/2018
0;0.002101338005827;0;2060;2077;13/07/2018
0;0.0020688983342777;0;2060;2077;16/07/2018
0;0.0020353042734252;1;2060;2078;16/07/2018
1;0.0020285305479773;0;2061;2078;16/07/2018
0;0.0019902233216589;1;2061;2079;16/07/2018
0;0.0019739983921221;0;2061;2079;16/07/2018
0;0.0019709326599747;12;2061;2091;16/07/2018
0;0.001926815013902;0;2061;2091;16/07/2018
0;0.001926815013902;1;2061;2092;16/07/2018
1;0.001926815013902;0;2062;2092;16/07/2018
1;0.001914683701443;0;2063;2092;16/07/2018
0;0.0018175234292613;0;2063;2092;17/07/2018
0;0.001800430084833;0;2063;2092;17/07/2018
0;0.0017937662960023;0;2063;2092;17/07/2018
0;0.001782532892787;0;2063;2092;17/07/2018
0;0.0017647156762435;0;2063;2092;17/07/2018
0;0.0017647156762435;0;2063;2092;17/07/2018
0;0.0017419332956556;5;2063;2097;17/07/2018
0;0.0017400598758228;0;2063;2097;17/07/2018
0;0.0017400598758228;0;2063;2097;17/07/2018
0;0.0017315501591069;0;2063;2097;17/07/2018
0;0.0016925841442045;1;2063;2098;17/07/2018
0;0.001684057566426;0;2063;2098;17/07/2018
0;0.0016491971402174;0;2063;2098;17/07/2018
2;0.0016251918822682;0;2065;2098;17/07/2018
1;0.0015817781287227;0;2066;2098;17/07/2018
5;0.0015617537540786;0;2071;2098;17/07/2018
3;0.0015617537540786;0;2074;2098;17/07/2018
0;0.0015179433521294;0;2074;2098;17/07/2018
1;0.0015123778724649;0;2075;2098;17/07/2018
0;0.0015123778724649;0;2075;2098;17/07/2018
2;0.0015045958153578;0;2077;2098;17/07/2018
0;0.0014684676919841;0;2077;2098;17/07/2018
0;0.0014651055244834;2;2077;2100;17/07/2018
1;0.0014617139925745;0;2078;2100;17/07/2018
1;0.0014605908441499;0;2079;2100;18/07/2018
0;0.0014386375685492;2;2079;2102;18/07/2018
0;0.0014386375685492;0;2079;2102;18/07/2018
1;0.0014386375685492;0;2080;2102;18/07/2018
0;0.0014382504760776;0;2080;2102;18/07/2018
0;0.0013922459322902;1;2080;2103;18/07/2018
14;0.0013737520280569;0;2094;2103;18/07/2018
10;0.0013737520280569;0;2104;2103;18/07/2018
0;0.0013737520280569;0;2104;2103;18/07/2018
0;0.0013737520280569;0;2104;2103;18/07/2018
0;0.0013671056597872;0;2104;2103;18/07/2018
1;0.0013657132944135;1;2105;2104;18/07/2018
0;0.0013603784322771;4;2105;2108;18/07/2018
0;0.0013600752284778;0;2105;2108;18/07/2018
0;0.0013455153125455;1;2105;2109;18/07/2018
1;0.0013323703030785;0;2106;2109;18/07/2018
0;0.0013323703030785;3;2106;2112;18/07/2018
0;0.0012655619362869;0;2106;2112;18/07/2018
0;0.0011512518708583;2;2106;2114;18/07/2018
2;0.0011365955437762;0;2108;2114;18/07/2018
0;0.0011277643498179;3;2108;2117;18/07/2018
0;0.0011119171139674;0;2108;2117;18/07/2018
0;0.0011090548409894;0;2108;2117;18/07/2018
0;0.0011090548409894;0;2108;2117;18/07/2018
1;0.0011089009203183;0;2109;2117;18/07/2018
0;0.0011089009203183;0;2109;2117;18/07/2018
0;0.0011089009203183;0;2109;2117;18/07/2018
0;0.0011089009203183;0;2109;2117;18/07/2018
0;0.0010761262477776;1;2109;2118;18/07/2018
0;0.0010445038675266;0;2109;2118;18/07/2018
0;0.0010292143911456;0;2109;2118;18/07/2018
0;0.000919922133181;1;2109;2119;19/07/2018
1;0.000919922133181;0;2110;2119;19/07/2018
0;0.000919922133181;2;2110;2121;19/07/2018
0;0.000919922133181;4;2110;2125;19/07/2018
0;0.00089400711805536;0;2110;2125;19/07/2018
0;0.0007171980865162;0;2110;2125;19/07/2018
0;0.00071620267840128;0;2110;2125;19/07/2018
0;0.00067461909576239;0;2110;2125;19/07/2018
1;0.00065443557195545;0;2111;2125;19/07/2018
10;0.00065443557195545;1;2121;2126;19/07/2018
4;0.00065443557195545;0;2125;2126;19/07/2018
1;0.00062292360053125;0;2126;2126;19/07/2018
1;0.00061556773397621;0;2127;2126;19/07/2018
4;0.00057465000296806;0;2131;2126;19/07/2018
0;0.00056787271694958;1;2131;2127;19/07/2018
0;0.00056787271694958;0;2131;2127;19/07/2018
0;0.00056787271694958;0;2131;2127;20/07/2018
1;0.00056699218581668;0;2132;2127;20/07/2018
0;0.00056699218581668;0;2132;2127;20/07/2018
0;0.0005643467764174;0;2132;2127;20/07/2018
0;0.00052797017162792;1;2132;2128;20/07/2018
0;0.00051914172100316;0;2132;2128;20/07/2018
0;0.00048905713031475;0;2132;2128;20/07/2018
0;0.00048905713031475;2;2132;2130;20/07/2018
3;0.00044625566557632;0;2135;2130;20/07/2018
0;0.00044625566557632;0;2135;2130;23/07/2018
0;0.00044625566557632;1;2135;2131;23/07/2018
1;0.00044625566557632;2;2136;2133;23/07/2018
0;0.00044625566557632;0;2136;2133;23/07/2018
1;0.00044625566557632;0;2137;2133;23/07/2018
0;0.00044387600028723;1;2137;2134;23/07/2018
0;0.00044387600028723;0;2137;2134;23/07/2018
0;0.00044387600028723;0;2137;2134;23/07/2018
0;0.00044387600028723;0;2137;2134;23/07/2018
0;0.00044387600028723;0;2137;2134;23/07/2018
0;0.00044387600028723;8;2137;2142;23/07/2018
1;0.00044387600028723;0;2138;2142;23/07/2018
0;0.00044387600028723;1;2138;2143;23/07/2018
1;0.00044387600028723;0;2139;2143;23/07/2018
1;0.00044387600028723;0;2140;2143;23/07/2018
0;0.00044387600028723;1;2140;2144;23/07/2018
0;0.00044387600028723;0;2140;2144;23/07/2018
0;0.00044387600028723;2;2140;2146;23/07/2018
0;0.00044387600028723;0;2140;2146;24/07/2018
0;0.00044387600028723;1;2140;2147;24/07/2018
0;0.00044387600028723;1;2140;2148;24/07/2018
0;0.00044387600028723;1;2140;2149;24/07/2018
0;0.00044387600028723;1;2140;2150;24/07/2018
0;0.00044387600028723;0;2140;2150;24/07/2018
0;0.00044387600028723;0;2140;2150;24/07/2018
0;0.00044387600028723;0;2140;2150;24/07/2018
1;0.00044387600028723;1;2141;2151;24/07/2018
0;0.00044387600028723;1;2141;2152;24/07/2018
0;0.00044387600028723;2;2141;2154;24/07/2018
0;0.00034118268793506;1;2141;2155;24/07/2018
0;0.00034118268793506;0;2141;2155;24/07/2018
0;0.00034118268793506;0;2141;2155;24/07/2018
0;0.00033573791961245;0;2141;2155;24/07/2018
0;0.00028616976259361;1;2141;2156;24/07/2018
0;0.00027262390240701;0;2141;2156;24/07/2018
0;0.00026688491882523;0;2141;2156;24/07/2018
1;0.00026688491882523;0;2142;2156;24/07/2018
1;0.00020745295374136;0;2143;2156;24/07/2018
0;0.00020668976571649;1;2143;2157;24/07/2018
0;0.00016385133914828;4;2143;2161;25/07/2018
0;0.00016291910479658;0;2143;2161;25/07/2018
0;0.00015841091880017;0;2143;2161;25/07/2018
0;0.00014183397551421;0;2143;2161;25/07/2018
0;0.00014183397551421;1;2143;2162;25/07/2018
0;0.00014183397551421;0;2143;2162;25/07/2018
0;0.00013524721200196;1;2143;2163;25/07/2018
3;0.00013300278155593;0;2146;2163;25/07/2018
0;0.00013300278155593;2;2146;2165;25/07/2018
0;0.00013300278155593;1;2146;2166;25/07/2018
0;0.00013300278155593;0;2146;2166;25/07/2018
0;0.00011505208337659;0;2146;2166;25/07/2018
2;0.00011429327272745;1;2148;2167;25/07/2018
0;0.00011429327272745;3;2148;2170;25/07/2018
0;0.00011429327272745;0;2148;2170;25/07/2018
0;0.00011429327272745;2;2148;2172;25/07/2018
1;0.00011429327272745;1;2149;2173;25/07/2018
1;0.00011429327272745;1;2150;2174;25/07/2018
0;0.00011429327272745;0;2150;2174;25/07/2018
0;0.00011429327272745;0;2150;2174;25/07/2018
0;0.00011429327272745;2;2150;2176;25/07/2018
0;0.00011429327272745;0;2150;2176;25/07/2018
0;0.00011429327272745;0;2150;2176;25/07/2018
0;0.00011429327272745;0;2150;2176;25/07/2018
2;0.00011429327272745;0;2152;2176;25/07/2018
0;0.00011429327272745;0;2152;2176;25/07/2018
0;4.04E-5;0;2152;2176;25/07/2018
0;3.79E-5;0;2152;2176;26/07/2018
0;1.19E-5;0;2152;2176;26/07/2018
0;-3.12E-5;0;2152;2176;26/07/2018
0;-4.63E-5;0;2152;2176;27/07/2018
0;-0.00010267423572758;0;2152;2176;27/07/2018
0;-0.00011993759697012;0;2152;2176;27/07/2018
0;-0.00012082055541538;0;2152;2176;27/07/2018
0;-0.00014080465391903;0;2152;2176;27/07/2018
0;-0.00017444080521538;0;2152;2176;27/07/2018
1;-0.00018225920482378;0;2153;2176;27/07/2018
3;-0.00019285359628764;0;2156;2176;27/07/2018
1;-0.00019285359628764;1;2157;2177;27/07/2018
0;-0.00019314289343675;1;2157;2178;27/07/2018
1;-0.00019812334704694;0;2158;2178;27/07/2018
0;-0.00019964997241348;0;2158;2178;27/07/2018
0;-0.00019964997241348;0;2158;2178;30/07/2018
0;-0.00023316255924529;1;2158;2179;30/07/2018
0;-0.00028282294896174;0;2158;2179;30/07/2018
0;-0.00029634363667387;0;2158;2179;30/07/2018
0;-0.00033083155785654;1;2158;2180;30/07/2018
2;-0.00036779198482929;0;2160;2180;30/07/2018
0;-0.00037256012903695;0;2160;2180;30/07/2018
0;-0.00038741220955722;0;2160;2180;30/07/2018
1;-0.00039862032547106;0;2161;2180;30/07/2018
0;-0.00046426337433203;0;2161;2180;30/07/2018
0;-0.00048267820048436;0;2161;2180;30/07/2018
1;-0.00059686638613481;3;2162;2183;30/07/2018
0;-0.00059778304616411;0;2162;2183;30/07/2018
0;-0.00059778304616411;0;2162;2183;30/07/2018
0;-0.00060801803097142;1;2162;2184;30/07/2018
0;-0.00060807450204866;0;2162;2184;30/07/2018
0;-0.00070578159992513;0;2162;2184;30/07/2018
0;-0.00079224915047858;0;2162;2184;30/07/2018
0;-0.00085364451649189;0;2162;2184;30/07/2018
4;-0.00085951435626;0;2166;2184;30/07/2018
1;-0.00085951435626;0;2167;2184;30/07/2018
1;-0.00085951435626;0;2168;2184;30/07/2018
0;-0.00085951435626;0;2168;2184;30/07/2018
0;-0.00087512761913217;0;2168;2184;30/07/2018
0;-0.00088462389628015;0;2168;2184;30/07/2018
0;-0.00089634338826461;0;2168;2184;30/07/2018
1;-0.00090360516419048;1;2169;2185;31/07/2018
0;-0.00090532792672943;0;2169;2185;31/07/2018
0;-0.00090630234447177;1;2169;2186;31/07/2018
0;-0.0010041511272434;0;2169;2186;31/07/2018
0;-0.001165965239731;4;2169;2190;31/07/2018
0;-0.001195225362343;2;2169;2192;31/07/2018
1;-0.0012520453835312;1;2170;2193;31/07/2018
1;-0.0012591832864654;4;2171;2197;31/07/2018
0;-0.0012601520053594;0;2171;2197;31/07/2018
1;-0.0013386082385371;0;2172;2197;31/07/2018
0;-0.0013386082385371;3;2172;2200;31/07/2018
0;-0.0013846596464588;0;2172;2200;31/07/2018
0;-0.0014237804253328;0;2172;2200;31/07/2018
2;-0.0014917638166594;0;2174;2200;31/07/2018
0;-0.0014936106663915;1;2174;2201;31/07/2018
0;-0.0015114888599429;0;2174;2201;31/07/2018
0;-0.0015431687328123;0;2174;2201;31/07/2018
0;-0.0015431687328123;0;2174;2201;31/07/2018
0;-0.0015431687328123;0;2174;2201;31/07/2018
0;-0.001593686543846;0;2174;2201;31/07/2018
1;-0.0017028275290238;0;2175;2201;31/07/2018
0;-0.0017028275290238;0;2175;2201;31/07/2018
1;-0.0017870107187405;1;2176;2202;01/08/2018
0;-0.0017870107187405;0;2176;2202;01/08/2018
2;-0.0017870107187405;0;2178;2202;01/08/2018
0;-0.0017870107187405;0;2178;2202;01/08/2018
0;-0.0017870107187405;1;2178;2203;02/08/2018
1;-0.0017982666594588;0;2179;2203;02/08/2018
0;-0.0018432759998037;0;2179;2203;02/08/2018
0;-0.0018432759998037;0;2179;2203;02/08/2018
0;-0.0018432759998037;2;2179;2205;02/08/2018
0;-0.001862314547407;0;2179;2205;02/08/2018
1;-0.0019715941001846;0;2180;2205;02/08/2018
0;-0.0019772229102993;0;2180;2205;02/08/2018
0;-0.0020661942163072;0;2180;2205;02/08/2018
1;-0.0020814836926882;0;2181;2205;02/08/2018
0;-0.0021437619336406;0;2181;2205;02/08/2018
0;-0.0021680465476941;0;2181;2205;02/08/2018
0;-0.0021933448106304;0;2181;2205;02/08/2018
0;-0.002250965572548;0;2181;2205;02/08/2018
1;-0.002250965572548;0;2182;2205;02/08/2018
1;-0.002250965572548;0;2183;2205;02/08/2018
1;-0.002250965572548;0;2184;2205;02/08/2018
0;-0.0022669782194477;1;2184;2206;02/08/2018
0;-0.002286612938894;0;2184;2206;02/08/2018
0;-0.0023863094531227;0;2184;2206;02/08/2018
0;-0.0023947365767086;0;2184;2206;03/08/2018
0;-0.0024095988275122;0;2184;2206;03/08/2018
0;-0.0024121772690387;0;2184;2206;03/08/2018
0;-0.0024288702210786;0;2184;2206;03/08/2018
0;-0.0024329163567303;0;2184;2206;03/08/2018
0;-0.0024329163567303;1;2184;2207;03/08/2018
0;-0.0024738837890515;0;2184;2207;03/08/2018
0;-0.0024738837890515;0;2184;2207;03/08/2018
0;-0.0025087812441001;0;2184;2207;03/08/2018
0;-0.0025113520203077;0;2184;2207;03/08/2018
1;-0.0025372440353105;0;2185;2207;03/08/2018
0;-0.0025550759273889;0;2185;2207;03/08/2018
1;-0.0025550759273889;0;2186;2207;03/08/2018
0;-0.0026893662317992;0;2186;2207;03/08/2018
0;-0.0026973531718116;0;2186;2207;03/08/2018
0;-0.0027336344096235;0;2186;2207;03/08/2018
0;-0.0027348403270098;0;2186;2207;03/08/2018
0;-0.002778112418712;0;2186;2207;03/08/2018
0;-0.0027996177965673;0;2186;2207;03/08/2018
0;-0.0029960702440768;0;2186;2207;03/08/2018
1;-0.0030352625954055;0;2187;2207;03/08/2018
0;-0.0033049886410759;0;2187;2207;03/08/2018
0;-0.0034094950501063;0;2187;2207;03/08/2018
0;-0.0034316864811174;5;2187;2212;03/08/2018
0;-0.0035272037743374;3;2187;2215;03/08/2018
1;-0.0035343578067767;0;2188;2215;06/08/2018
0;-0.0035424932507185;0;2188;2215;06/08/2018
0;-0.0036290561057243;1;2188;2216;06/08/2018
0;-0.0036479758702596;0;2188;2216;06/08/2018
0;-0.0036848781660812;0;2188;2216;06/08/2018
0;-0.0037471582868474;0;2188;2216;06/08/2018
0;-0.0038950455487356;1;2188;2217;06/08/2018
0;-0.003953341154576;2;2188;2219;06/08/2018
3;-0.0041094191114232;0;2191;2219;06/08/2018
2;-0.0041223344532729;0;2193;2219;06/08/2018
1;-0.004202393945478;0;2194;2219;06/08/2018
1;-0.0044570798021071;0;2195;2219;06/08/2018
0;-0.0045229299833843;0;2195;2219;06/08/2018
0;-0.0045229299833843;0;2195;2219;06/08/2018
0;-0.0045229299833843;0;2195;2219;06/08/2018
0;-0.0045572385956747;0;2195;2219;06/08/2018
0;-0.0047071501733683;1;2195;2220;06/08/2018
0;-0.0047524301357573;1;2195;2221;06/08/2018
2;-0.0048879772065657;0;2197;2221;07/08/2018
0;-0.0049306195561285;0;2197;2221;07/08/2018
1;-0.0049306195561285;0;2198;2221;08/08/2018
0;-0.0050283606530665;0;2198;2221;08/08/2018
1;-0.0051427737733878;0;2199;2221;08/08/2018
0;-0.005168835621374;0;2199;2221;08/08/2018
1;-0.0052244478889197;0;2200;2221;08/08/2018
0;-0.0052244478889197;0;2200;2221;08/08/2018
0;-0.0054393176665599;0;2200;2221;08/08/2018
1;-0.0056335670951843;0;2201;2221;08/08/2018
0;-0.0056981693591985;0;2201;2221;08/08/2018
0;-0.0058046645593446;0;2201;2221;08/08/2018
0;-0.0058559452146174;0;2201;2221;08/08/2018
1;-0.0059839395414145;0;2202;2221;08/08/2018
2;-0.0061157296479435;0;2204;2221;08/08/2018
0;-0.0061770000164378;0;2204;2221;08/08/2018
0;-0.006189539565763;0;2204;2221;08/08/2018
0;-0.0062372125857056;0;2204;2221;08/08/2018
0;-0.0066092900978877;0;2204;2221;09/08/2018
0;-0.0066197224690261;0;2204;2221;09/08/2018
0;-0.0069486038541547;0;2204;2221;09/08/2018
0;-0.0070120656031349;0;2204;2221;09/08/2018
1;-0.0070278577904663;0;2205;2221;09/08/2018
0;-0.0071735486858554;0;2205;2221;09/08/2018
0;-0.0073644801200497;0;2205;2221;09/08/2018
0;-0.0076895979224611;0;2205;2221;09/08/2018
1;-0.0077867644424351;0;2206;2221;09/08/2018
0;-0.0077874550736133;0;2206;2221;09/08/2018
0;-0.0078921412874116;0;2206;2221;09/08/2018
8;-0.0084012813053455;0;2214;2221;09/08/2018
0;-0.0084846766298106;0;2214;2221;09/08/2018
1;-0.0091277084125754;0;2215;2221;09/08/2018
0;-0.0093409699235861;0;2215;2221;09/08/2018
0;-0.010022102964388;0;2215;2221;10/08/2018
0;-0.010293698541506;0;2215;2221;10/08/2018
0;-0.0103641840362;0;2215;2221;10/08/2018
3;-0.010881392096225;0;2218;2221;10/08/2018
0;-0.014222323331759;0;2218;2221;10/08/2018
1;-0.014336564892451;0;2219;2221;10/08/2018
1;-0.014699339300298;0;2220;2221;10/08/2018
0;-0.015278202046744;0;2220;2221;10/08/2018
0;-0.015481344666537;0;2220;2221;10/08/2018
0;-0.015946839627631;0;2220;2221;10/08/2018
0;-0.016575413500875;0;2220;2221;10/08/2018
0;-0.017148263996065;0;2220;2221;10/08/2018
0;-0.018165666084184;0;2220;2221;10/08/2018
0;-0.02134771553177;0;2220;2221;10/08/2018
0;-0.021419740045741;0;2220;2221;10/08/2018
0;-0.024760256973607;0;2220;2221;10/08/2018
1;-0.033350173799583;0;2221;2221;10/08/2018
0;-0.034994996617518;0;2221;2221;10/08/2018
